	19650
-0.00916486815794826	1
-0.0158662393189599	1
-0.069481142230835	1
-0.0731803182351837	1
-0.0926780318201817	1
-0.1	4
-0.10221	12
-0.116667	83
-0.147295219457645	1
-0.1727115716753	1
-0.18691588785047	7
-0.18848255664168	1
-0.198487063252442	1
-0.214188803226635	1
-0.240458397356757	1
-0.26109660574413	1
-0.31088082901555	1
-0.313762035424777	1
-0.321309071740066	1
-0.347122776589235	1
-0.4	7
-0.40355125100887	8
-0.40485829959514	1
-0.419879661018799	1
-0.420826680236063	4
-0.43668122270743	1
-0.45	5
-0.47169811320755	1
-0.49295774647887	49
-0.52356020942409	1
-0.536272959410703	1
-0.552269561220811	1
-0.553333167091544	1
-0.55748907507161	1
-0.56179775280899	1
-0.57471264367816	2
-0.60606060606061	2
-0.628969872569933	1
-0.64214827787507	3
-0.657281664894738	1
-0.66682089750209	1
-0.667252901711612	1
-0.681818181818191	1
-0.71380533846618	2
-0.723461960111531	1
-0.745386052215275	1
-0.781529116947316	1
-0.799785017787215	1
-0.80482897384306	1
-0.806985317447313	1
-0.82956259426848	2
-0.84033613445378	3
-0.852975650081131	1
-0.861731915001063	1
-0.922017882544208	1
-0.932400932400938	5
-0.932808275175141	2
-0.943322762976433	4
-0.944568976832759	1
-0.98425196850394	1
-0.991191326008891	1
-1	3
-1.00004216302038	1
-1.06163552535792	1
-1.08217127366411	1
-1.08499095840868	2
-1.09415306234817	1
-1.0989010989011	2
-1.15534133646402	1
-1.15606936416185	1
-1.15794238484257	1
-1.1670490941827	1
-1.18348252162631	1
-1.20432384531483	1
-1.21605890364709	2
-1.21816785215564	1
-1.23717855219795	1
-1.26050420168067	3
-1.26182965299684	1
-1.27664748318067	1
-1.29599411514305	2
-1.30289788379872	1
-1.30890052356021	1
-1.31405	3
-1.32445821655548	1
-1.33019656181889	1
-1.33029237279156	2
-1.33247728851747	4
-1.34875049266214	1
-1.3516879997047	1
-1.3649889213819	1
-1.37056940998331	1
-1.38484688640761	1
-1.41388174807198	2
-1.44400490928768	1
-1.44456214547671	1
-1.46667	2
-1.49626120892544	1
-1.5	3
-1.51057401812689	2
-1.63223634135389	1
-1.63901075554427	1
-1.65331275765006	1
-1.65570224474557	1
-1.66836267687804	1
-1.67427701674277	4
-1.68067226890757	1
-1.69960980864442	1
-1.71503481095283	1
-1.72626387176326	2
-1.73913043478261	4
-1.74615331854866	1
-1.7698711380102	1
-1.77514792899409	4
-1.77527393324799	4
-1.80365615359572	1
-1.806684733514	8
-1.80921052631579	2
-1.81518151815181	1
-1.86666666666667	1
-1.88347483547129	1
-1.88857137372286	1
-1.89504373177842	7
-1.91197240615434	2
-1.95463222496849	2
-1.96258451516465	1
-1.98571808957433	2
-10	9
-10.0	89
-10.0149484294819	2
-10.092659883721	1
-10.1546391752577	3
-10.1796407185628	1
-10.4779411764705	2
-10.7040084983903	1
-10.7550306133173	1
-10.8918647438733	1
-102	23
-103.701	2
-104.82	6
-1043950	1
-105.084	4
-105.327	2
-106.388	4
-106.487	9
-107.209	2
-107.767	2
-11.2071904187325	2
-11.6079253475639	1
-11.6455696202532	2
-11.9658119658119	1
-11.9820509357225	3
-110923	3
-111.383	9
-111.388	3
-111.849	3
-111.854	9
-111.941	3
-112.074	7
-117.122	2
-117.157	23
-117.915	3
-118.244	6
-118.327	15
-118.501	9
-119.746	34
-119.772	2
-121.207	3
-121.372	5
-121.571	1
-121.696	3
-121459	1
-122.127	1
-122.3	2
-122.332	1
-122.419	10
-122.421	8
-122.435	2
-122.521	2
-122.599	2
-123.133	9
-124.218	3
-125637	12
-126191	2
-13.8888888888889	1
-1306447	2
-14.388489208633	1
-1456928	36
-149.9	2
-1502554	28
-1506353	1
-152.268	8
-1555188	8
-1561728	2
-1563952	1
-157.825	3
-1586844	6
-1594675	5
-16.5476190476191	1
-16.7592	2
-1603135	16
-1610783	4
-168008	4
-1785434	4
-1829418	4
-1898541	19
-1899200	11
-19.3548387096774	2
-1906751	10
-1913986	6
-1924465	18
-1930117	3
-1955538	9
-1995499	27
-2	54
-2.0	77
-2.01641998889012	1
-2.01922753623909	2
-2.02429149797571	4
-2.0291141020421	1
-2.05278592375366	3
-2.05483857083137	2
-2.06159357046909	1
-2.15790241058958	2
-2.15982721382289	4
-2.16879375714631	1
-2.19253777082259	1
-2.19619326500732	2
-2.21667	5
-2.25506795745158	1
-2.26009317352847	1
-2.26130653266332	1
-2.28136882129277	1
-2.28672389031438	4
-2.29885057471264	1
-2.35294117647059	3
-2.36133486070769	1
-2.40516971117399	2
-2.40963855421687	2
-2.40984292651982	1
-2.4390243902439	1
-2.44717013545217	1
-2.4593938527929	1
-2.47380949991853	2
-2.50759458713063	1
-2.55102040816327	1
-2.58481421647819	4
-2.61667	7
-2.62165904296542	3
-2.62280544365645	1
-2.65312420923154	2
-2.66426207544187	1
-2.69541778975741	2
-2.71022637647575	1
-2.76220390743589	4
-2.77559200051411	1
-2.77668335832018	2
-2.77838300498809	1
-2.7928021768371	1
-2.93423669396973	1
-2.95779568088235	1
-2.96127562642369	1
-2.97846403900853	1
-2.99977201410476	1
-20	1
-2003729	2
-2037160	5
-2069926	3
-2075744	2
-2089412	4
-2091797	6
-2094230	5
-2100366	4
-2106102	6
-2106554	2
-2107193	6
-2107500	7
-2108361	5
-2111141	2
-2112557	27
-2112824	4
-2112964	5
-2140479	4
-2147275	3
-22.9021	15
-2212694	8
-2213706	5
-2214877	48
-2218947	2
-2223150	2
-2231012	1
-2233279	4
-2233982	6
-2234965	3
-2251539	12
-2266414	2
-229436	11
-2325645	8
-237874	8
-2437894	4
-244143	5
-246227	4
-2537705	8
-2539825	5
-2541857	3
-2552151	4
-2590812	5
-2591664	18
-2592632	4
-2592911	10
-2594561	7
-2595386	27
-2597039	6
-2598406	5
-2600653	3
-2601889	83
-2602512	5
-2602528	5
-2603456	8
-2604914	3
-2608068	4
-2611241	3
-2611570	7
-27	18
-27.5	2
-2737683	3
-2745636	2
-2755131	9
-2755738	3
-2761961	1
-2762812	8
-2764584	10
-2767968	6
-2775936	2
-29	6
-29.5	2
-290263	4
-290692	27
-2954261	2
-2960561	46
-2996338	5
-3.01647399068624	1
-3.05980528511822	3
-3.09789343246592	1
-3.13082370480806	5
-3.19047224832928	1
-3.2	27
-3.20754716981132	4
-3.2171581769437	2
-3.2258064516129	1
-3.2262537492663	1
-3.23072950728536	1
-3.24561403508772	4
-3.25020975750657	1
-3.27868852459017	1
-3.31009079515969	1
-3.3175355450237	1
-3.38218714768884	3
-3.39680229917699	1
-3.43223352519193	1
-3.45160958584422	1
-3.46598202824134	1
-3.47985347985348	4
-3.49686984764016	1
-3.52235774837888	1
-3.53260869565217	1
-3.53328906670203	4
-3.55029585798816	8
-3.55029585798817	1
-3.56138706654171	3
-3.59226195503015	6
-3.5992	2
-3.66016170032265	1
-3.68333	18
-3.71819960861057	6
-3.72340425531915	2
-3.73799963417388	1
-3.746534996535	2
-3.75	4
-3.77906976744186	3
-3.81205673758866	2
-3.8331261827095	1
-3.83333	3
-3.83599698196035	1
-3.85356454720616	16
-3.86667	8
-3.86847195357833	2
-3.87015782599974	1
-3.8758059994393	1
-3.88130636119913	1
-3.88978930307941	1
-3.89129104882438	1
-3.913366192226	1
-3.92523364485981	2
-3.96039603960396	5
-3.9647577092511	2
-3.97637656695948	2
-3.98009950248756	1
-30	23
-301033	8
-3055106	1
-3057164	2
-31.9333	5
-3102114	2
-3102259	10
-3103581	8
-3111895	3
-32.7667	5
-33	2
-33.8833	20
-33.9167	8
-3378435	13
-34.5875	14
-34.9333	8
-35.2833	1
-35.7	4
-37.8167	6
-372490	3
-3744594	7
-384328	2
-390625	18
-4	10
-4.0	14
-4.0019875563373	1
-4.01747211240553	1
-4.03333	10
-4.06015037593985	2
-4.06794786179995	1
-4.07070664643748	1
-4.11268894516991	1
-4.18333	18
-4.20861183611571	1
-4.25	6
-4.27927927927928	1
-4.29552904361582	1
-4.30391350917438	1
-4.31338028169014	1
-4.3235515466383	1
-4.34782608695652	1
-4.36893203883495	1
-4.37672035924425	1
-4.3859649122807	1
-4.3913710557694	1
-4.39330543933054	4
-4.4	19
-4.40208156329651	1
-4.42147377451232	1
-4.44294654230646	1
-4.44444444444444	1
-4.45487705248139	1
-4.46428571428572	2
-4.47727934307675	1
-4.47761194029851	2
-4.4901287364913	1
-4.49239339533676	1
-4.4924127676081	1
-4.49352184209932	1
-4.51937695270814	1
-4.52021355564438	1
-4.54545454545454	1
-4.56540825285338	5
-4.61596406520144	1
-4.62585034013606	4
-4.65116279069768	1
-4.66980357826777	1
-4.68822644605497	1
-4.69026548672566	2
-4.71311475409836	4
-4.73649825783972	1
-4.74088952381791	4
-4.74137931034483	6
-4.78797228256144	3
-4.7912534815407	1
-4.88721804511278	2
-4.91989072297603	3
-4.9727575691326	1
-403043	1
-41	4
-43.1303	15
-5.0	63
-5.04437453624652	3
-5.06198347107439	4
-5.17582752856165	1
-5.18867924528302	8
-5.26019511698614	1
-5.26389444222311	1
-5.28301886792452	3
-5.32734274711169	1
-5.36585365853659	2
-5.3667	1
-5.39305301645338	1
-5.42615121207718	1
-5.49295774647888	3
-5.49450549450549	2
-5.61455007977318	1
-5.63981379314858	1
-5.68181818181818	3
-5.68513119533528	2
-5.68938931318126	1
-5.7030634742706	1
-5.74324324324324	1
-5.76590498047022	1
-5.76615702835359	2
-5.77992744860943	6
-5.78387640855682	1
-5.8	3
-5.8142128441379	1
-5.90667182758103	1
-5.98417013111609	2
-55	3
-559845	2
-56	2
-564818	9
-567180	2
-572640	4
-574445	2
-574890	10
-575268	9
-575729	2
-576096	12
-58.6725	14
-6	5
-6.06060606060606	1
-6.07199666335879	3
-6.11947136101202	1
-6.19469026548673	1
-6.22222222222222	1
-6.24696782720669	1
-6.24889	28
-6.26063967954502	1
-6.26171223628396	1
-6.28183118484664	2
-6.30196428658153	1
-6.31868131868132	4
-6.36363636363636	1
-6.38297872340426	2
-6.40173477195446	1
-6.5	9
-6.60342094062639	1
-6.69270027837922	1
-6.73033808627029	1
-6.82919303037603	1
-6.83240541008203	1
-6.89149560117302	1
-6.9646060299568	1
-6.96720445455336	1
-64.35	4
-64.5	2
-64.8333	8
-657134	15
-66.35	2
-66.4838	2
-66.9167	6
-69.1089	3
-69.3977	13
-69.7898	1
-7.0	11
-7.01172928377788	1
-7.01754385964912	1
-7.07169313420256	1
-7.16667	3
-7.22699166685772	2
-7.31270061503403	1
-7.33747300008381	1
-7.33879173274789	1
-7.3394495412844	1
-7.34411322302749	1
-7.36196319018405	2
-7.40740740740741	1
-7.42535888463314	1
-7.44125326370758	1
-7.45341614906832	4
-7.45461949498297	1
-7.5	8
-7.56617346045883	1
-7.59504351189561	1
-7.62320794980942	1
-7.63476268239232	1
-7.66203092462328	1
-7.70277571655603	1
-7.72727272727273	1
-7.72797527047913	2
-7.73326920434245	2
-7.79944289693593	2
-7.80319800447077	1
-7.82608695652174	3
-7.87640117498374	1
-7.91560053052554	1
-7.91572777955756	1
-7.91696524991593	1
-7.93438425391947	1
-7.97042407871164	1
-7.97322479419733	1
-7.98061795603968	1
-7.98317710079747	1
-70.6667	3
-70.7259	5
-71	23
-71.0598	8
-71.1351	5
-71.4167	4
-71.5101	7
-71.5314	8
-71.5653	6
-716583	10
-72.1445	3
-72.7093	14
-72.7622	3
-73.7817	3
-73.7846	8
-73.9613	2
-73289	5
-73344	2
-74.6927	2
-74.9384	72
-75.1638	2
-76	4
-77.0003	4
-77.0364	46
-77.264	9
-77.72	2
-78.2057	4
-782831	4
-79.4167	10
-79.5333	4
-79.8431	2
-79.9939	4
-793837	4
-795575	4
-797092	9
-797156	2
-8.01317358664848	1
-8.01951513130251	1
-8.03472829673369	1
-8.03910517502395	2
-8.04002760524499	1
-8.25740976060445	1
-8.26643101475239	1
-8.29919109150122	1
-8.31388098952486	1
-8.32338616899907	1
-8.35700757575757	1
-8.35702443626766	1
-8.43870200563959	1
-8.49420849420848	2
-8.56573705179284	5
-8.62068965517241	1
-80.0905	1
-80.1251	2
-80.1937	1
-80.6495	2
-80.9165	4
-81.717	8
-81.7826	2
-814876	5
-815807	21
-82.024	5
-82.1165	10
-82.1204	3
-82.1365	4
-82.2101	8
-82.2359	20
-82.379	2
-82.7755	4
-84.4569	15
-84.5603	2
-84.6514	4
-86.7844	3
-87.6501	5
-87.7581	4
-877744	4
-88.0564	2
-89.0022	2
-89.0928	3
-89.6812	5
-9.0	10
-9.09090909090909	1
-9.19540229885057	1
-9.24855491329475	3
-9.27631915655865	1
-9.27835051546394	2
-9.35151798788161	1
-9.5	5
-9.58083832335332	1
-9.89551123479695	1
-9.91926421311025	1
-91.8749	5
-92.4455	8
-93.214	12
-93.9196	14
-938457	6
-94.97	2
-95	17
-95.3697	2
-96.8067	6
-96.9247	13
-97	44
-97.1667	12
-97.167	2
-97.6475	10
-979186	14
-98.4936	2
0	1064
0.0	81
0.0138380514136219	1
0.0171485994138635	1
0.0531632110579501	7
0.0605783189953505	1
0.0742625044406067	1
0.083333333333335	5
0.0896110321330985	1
0.12019230769231	4
0.129799938673539	1
0.13440860215054	1
0.162783500241067	1
0.16666666666667	2
0.175259632516655	1
0.228310502283105	2
0.23076923076923	1
0.233653609263363	1
0.24242424242424	2
0.245370541409943	1
0.24831608616727	1
0.255457990433525	1
0.262983205959857	1
0.289643140454335	1
0.297781732253533	1
0.30165912518853	2
0.316667	5
0.3195734863129	1
0.323233484990777	1
0.346879112447059	1
0.363636500263175	1
0.370440619568286	1
0.375781128527039	4
0.386879615296615	1
0.39501405833021	2
0.4	17
0.411922725210622	1
0.41562759767249	1
0.42372881355932	1
0.430373966228013	1
0.45395078883903	1
0.471909945553135	1
0.47543581616481	1
0.47694753577106	1
0.480968909176394	1
0.503812117226207	1
0.526759583020927	1
0.5586592178771	1
0.574854233390823	1
0.60396893874029	1
0.611675110521191	1
0.625	1
0.633299916325127	3
0.637551585029697	1
0.649937080181464	1
0.67775723967961	1
0.686940371051119	1
0.70796460176992	1
0.728480236230057	1
0.74183976261127	4
0.814626442621346	1
0.826874870407616	1
0.871376042728126	1
0.933333	4
0.996677740863788	1
01	112
010	110
011	8
012	14
013	34
014	12
015	4
016	2
017	36
019	4
02	66
020	124
021	1
0214	1
022	2
026	4
03	79
030	28
033	11
0331	2
0332	3
035	8
0353	2
036	104
04	293
040	96
041	2
042	246
043	176
045	2
046	64
05	60
050	8
051	96
056	2
057	14
06	17
060	22
061	8
064	4
07	28
070	20
071	20
072	2
073	10
075	4
08	40
080	28
081	2
083	3
0831	3
084	33
0841	3
087	4
0874	4
09	17
090	34
1	2425
1.0	49
1.02337986357076	1
1.063787001287	4
1.06667	5
1.07117836795962	1
1.09181264616335	1
1.12107623318385	2
1.12759643916914	10
1.18929633300298	2
1.22765840867576	1
1.23904750348474	1
1.24662049231587	2
1.28367630308175	1
1.3	7
1.30636853004993	1
1.30740245810165	1
1.37194	2
1.39797562342393	1
1.42281483726886	1
1.42988758087577	1
1.43333	5
1.49094781682641	3
1.49700598802395	3
1.51101248828786	1
1.52671755725191	1
1.52801358234295	1
1.57576196694879	1
1.59116593386747	1
1.62037037037037	13
1.6684413468209	1
1.70381273675049	1
1.70889805539187	5
1.70940170940171	2
1.71370967741935	1
1.80732	1
1.82063385030344	2
1.82555780933063	4
1.8348623853211	3
1.86463414634147	1
1.88048504127636	1
1.9	123
1.93050193050193	5
1.94083981468139	1
1.99173068660176	1
10	228
10.0	4
10.5	6
10.8	5
10.8658	2
100	47
10074674	9
101	2
1015	1
102	3
103.704	2
103.75	5
1035	1
104	1
1058156	2
106	6
1066650	15
1071	2
1085	1
10883254	9
10883363	6
109.745	2
1095717	2
1098721	2
11	111
11.2	4
11.75	3
110	21
11058710	37
1106	1
111	31
111.255	10
1119	1
112	45
11230301	3
1125	1
1126	1
11310237	7
1139	1
114	30
115	2
115.833	5
1156673	9
116	2
116.388	19
1166633	3
117.266	6
118	4
1185	2
119	3
119.8	3
12	70
12.45	4
12.5561	2
12.5833	2
12.5947	3
12.8333	8
12.847	2
120	29
120.982	4
1202899	4
1209052	2
121	1
121.458	18
1213657	2
122	4
1225411	3
1234099	8
124	1
1243	1
1244839	2
1248003	10
1249299	4
1249874	5
125	7
126	3
127	17
127.5	2
128	7
129	1
13	49
130	42
132	8
132.45	11
133	26
134	2
1340	1
136.917	8
137	3
137.283	5
138	26
138.6	8
1380944	6
1380946	9
1380951	2
1384	1
139	1
139.751	4
1398242	2
14	36
14.6042	4
14.85	12
140	6
141	18
1430	1
144	3
144.967	6
1446845	3
145	17
1453490	3
1462	4
149.217	1
149507	16
15	61
15.65	2
150	2
1507653	2
151	1
151.217	20
151.242	8
151.75	5
1512650	1
1512809	2
1520	1
153	1
153.017	2
1535	2
154	1
155	1
1554	2
1555	1
156	1
16	35
16.3667	27
160	8
1609077	6
164	12
1652484	3
1652663	3
1660757	15
1661377	23
1662328	6
168	1
1685	1
17	56
172	12
173	76
174	5
175	12
176	8
178	1
1780	1
179	2
18	37
18.2359	2
18.3333	8
18.5333	5
18.5667	4
180	8
181	2
1810	2
182	6
183	8
1832	6
186	4
187	2
188	4
1890	1
19	95
19.5	11
190	122
192	4
193	28
195	10
1965027	3
198	4
1980315	3
2	696
2.0066889632107	2
2.01342281879194	1
2.03619909502263	1
2.04611436579268	1
2.0501138952164	1
2.11122370110326	1
2.11864406779661	14
2.15071436396416	1
2.15175537938845	2
2.17983167423001	2
2.1798367120668	2
2.18333	3
2.19085047355164	8
2.2640558780558	1
2.33333	36
2.33410382686873	1
2.33463035019455	1
2.35294117647059	1
2.36686898763169	1
2.36897427738324	1
2.41989553707568	1
2.45700245700246	9
2.45720980890897	1
2.4583982102424	1
2.45868147047141	1
2.47116968698517	4
2.53600383700556	1
2.59740259740259	1
2.65060240963856	1
2.68456375838926	1
2.73390187016484	1
2.78737830289937	1
2.8	88
2.80449364510731	1
2.82608695652174	2
2.83536295309676	3
2.85714285714286	1
2.9296875	1
2.9942787742291	1
20	31
20.3167	6
20.5	2
20.8783	2
2015	32
2015.4110	32
201505	32
20150530	32
2016	968
2016.3260	11
2016.3890	41
2016.4055	18
2016.4082	898
201604	11
20160429	11
201605	957
20160522	41
20160528	18
20160529	1898
204	1
2040358	2
204673	4
205	2
21	7
21.4039	3
2190	1
22	25
2205	1
221612	3
23	29
23.7231	3
23.7333	5
230	6
235	3
236780	8
24	26
24.25	21
24.5557	2
24.8667	10
240	6
246	2
25	12
25.1216	1
25.1833	6
25.2522	4
25.2919	1
25.6	7
25.7743	1
251	1
255	1
26	12
26.1833	2
26.4555	9
26.6878	1
26.7908	7
26.8	4
260	3
262	2
27	9
27.0442	20
27.8333	8
270	1
2703494	3
272	2
275	1
277479	3
277506	5
277593	10
277606	2
28	9
28.2661	4
28.4785	3
28.5	2
28.6	6
28.6667	5
28.85	6
28.9684	2
286213	4
29	11
29.3375	1
29.4241	2
29.9192	4
290	1
294	3
294048	2
294334	20
295	1
295004	1
296	6
298	1
3	639
3.0	62
3.03951367781156	6
3.17545748116254	4
3.17725752508361	3
3.2	1
3.20512820512821	2
3.27214684756584	1
3.3112582781457	1
3.37716705686376	2
3.4	51
3.49520052231154	1
3.49759047638782	1
3.5	4
3.52941176470588	2
3.7244077012706	1
3.873431533006	1
30	63
30.0445	3
30.05	27
30.2642	5
30.3674	3
30.7408	10
302	2
306	1
309	2
309962	1
31.106	10
31.1801	5
31.1817	9
31.1981	4
31.2222	18
31.2332	3
31.25	27
31.2878	8
31.4167	2
31.5	3
31.7587	9
31.7667	9
31.8468	4
310	2
312	2
315	2
319	1
32	9
32.0114	16
32.1869	7
32.2199	4
32.7153	23
32.7673	5
32.7831	6
321	1
325	2
327	1
328	1
33	9
33.3386	8
33.3558	10
33.3667	2
33.4484	7
33.7	8
33.7597	2
33.7712	3
33.8353	3
33.9286	6
334	2
335	1
335527	6
34	5
34.0168	4
34.0522	6
34.0983	15
34.1554	8
34.1668	10
34.1751	5
34.1782	2
34.2079	3
34.2369	8
34.3333	2
34.4	11
34.5167	13
34.6158	3
34.75	3
34.7617	12
34.8867	16
34.9691	7
35	28
35.0809	4
35.1517	4
35.1667	8
35.2333	9
35.2636	4
35.3467	2
35.5376	13
35.6411	2
35.685	4
35.7479	2
35.75	9
35.8333	11
35.9154	2
35399	5
355	1
36	25
36.1659	3
36.17	34
36.1833	1
36.2028	3
36.2251	8
36.5866	5
36.7167	12
36.7477	2
365	1
37	9
37.0463	5
37.1586	3
37.1784	2
37.3266	8
37.45	5
37.5664	10
37.6156	46
37.669	4
37.768	4
37.7749	10
37.7763	8
37.9319	3
37.9833	5
374	4
376	5
377	1
38	68
38.1	2
38.4088	5
38.4113	3
38.4199	2
38.8833	2
38.889	4
38.8951	46
380	2
382	2
385	4
387	1
39	19
39.0646	2
39.162	15
39.5	5
39.6418	2
39.9289	19
39.9523	2
39.9667	3
390	2
397957	8
4	1407
4.0	68
4.19520547945206	2
4.20650095602295	1
4.20841683366733	1
4.28333	2
4.33333	9
4.40888	3
4.4189852700491	2
4.54545454545454	1
4.68140442132639	1
4.91667	4
40	44
40.1135	9
40.1811	8
40.25	21
40.3363	2
40.3736	4
40.4	18
40.4276	4
40.5773	9
40.5853	4
40.6253	2
40.7649	3
40.809	2
40.9125	3
400	1
408520	2
41	6
41.0998	2
41.14	6
41.2088	3
41.237	1
41.3751	2
41.3833	3
41.5459	2
41.5834	3
41.6772	7
41.7109	4
41.85	5
41.8666	2
41.9	4
414	1
414834	4
42	10
42.0046	12
42.1497	72
42.1959	5
42.2334	3
42.2373	8
42.3584	8
42.5278	8
42.6987	5
42.7475	2
42.8333	8
422	3
423587	5
425	1
426	1
43	3
43.0969	8
43.3504	2
43.3665	3
43.4108	6
43.6667	10
43.6786	3
43.7167	2
43.7861	10
435	1
438	3
44	6
44.0407	14
44.1037	3
44.3528	1
44.3939	8
44.5136	8
44.5672	1
44.6074	13
440	1
44784	7
45	14
45.0667	2
45.45	2
45.5001	9
45.5379	2
45.7326	14
45.8833	4
450	1
455240	8
457	1
46	34
46.0706	3
46.1956	4
46.5833	6
47	12
47.3917	1
47.6062	1
47.6262	2
47.6581	1
47.6833	4
47.8332	2
479	4
48	10
48.2	27
48.6667	11
48.8667	36
484990	2
488	4
49	6
49.05	2
49.25	9
49.8833	12
495	1
5	230
5.0	19
5.05721132990811	1
5.16042329148567	1
5.2	8
5.23787655667203	1
5.35934293121723	1
5.52995391705069	1
5.75	5
50	11
50.2833	2
50.55	2
50.8333	9
50.8385	2
503	1
508	1
51	41
51.1333	7
51.4667	5
51.5	83
51.5148	9
51.6167	5
51.7823	3
51.95	5
510	1
52	9
52.1893	3
52.35	4
52.4833	4
52.5	5
520	1
529313	4
53	3
53.3331	28
53.5	5
53.55	4
531871	46
54	53
545037848	1
545037849	1
545037850	1
545037851	1
545037852	1
545037853	1
545037854	1
545037855	1
545037856	1
545037857	1
545037858	1
545037859	1
545037860	1
545037861	1
545037862	1
545037863	1
545037864	1
545037865	1
545037866	1
545037867	1
545037868	1
545037869	1
545037870	1
545037871	1
545037872	1
545037873	1
545037874	1
545037875	1
545037876	1
545037877	1
545037878	1
545037879	1
545037880	1
545037881	1
545037882	1
545037883	1
545037884	1
545037885	1
545037886	1
545037887	1
545037888	1
545037889	1
545037890	1
545037891	1
545037892	1
545037893	1
545037894	1
545037895	1
545037896	1
545037897	1
545037898	1
545037899	1
545037900	1
545037901	1
545037902	1
545037903	1
545037904	1
545037905	1
545037906	1
545037907	1
545037908	1
545037909	1
545037910	1
545037911	1
545037912	1
545037913	1
545037914	1
545037915	1
545037916	1
545037917	1
545037918	1
545037919	1
545037920	1
545037921	1
545037922	1
545037923	1
545037924	1
545037925	1
545037926	1
545037927	1
545037928	1
545037929	1
545037930	1
545037931	1
545037932	1
545037933	1
545037934	1
545037935	1
545037936	1
545037937	1
545037938	1
545037939	1
545037940	1
545037941	1
545037942	1
545037943	1
545037944	1
545037945	1
545037946	1
545037947	1
545037948	1
545037949	1
545037950	1
545037951	1
545037952	1
545037953	1
545037954	1
545037955	1
545037956	1
545037957	1
545037958	1
545037959	1
545037960	1
545037961	1
545037962	1
545037963	1
545037964	1
545037965	1
545037966	1
545037967	1
545037968	1
545037969	1
545037970	1
545037971	1
545037972	1
545037973	1
545037974	1
545037975	1
545037976	1
545037977	1
545037978	1
545037979	1
545037980	1
545037981	1
545037982	1
545037983	1
545037984	1
545037985	1
545037986	1
545037987	1
545037988	1
545037989	1
545037990	1
545037991	1
545037992	1
545037993	1
545037994	1
545037995	1
545037996	1
545037997	1
545037998	1
545037999	1
545038000	1
545038001	1
545038002	1
545038003	1
545038004	1
545038005	1
545038006	1
545038007	1
545038008	1
545038009	1
545038010	1
545038011	1
545038012	1
545038013	1
545038014	1
545038015	1
545038016	1
545038017	1
545038018	1
545038019	1
545038020	1
545038021	1
545038022	1
545038023	1
545038024	1
545038025	1
545038026	1
545038027	1
545038028	1
545038029	1
545038030	1
545038031	1
545038032	1
545038033	1
545038034	1
545038035	1
545038036	1
545038037	1
545038038	1
545038039	1
545038040	1
545038041	1
545038042	1
545038043	1
545038044	1
545038045	1
545038046	1
545038047	1
545038048	1
545038049	1
545038050	1
545038051	1
545038052	1
545038053	1
545038054	1
545038055	1
545038056	1
545038057	1
545038058	1
545038059	1
545038060	1
545038061	1
545038062	1
545038063	1
545038064	1
545038065	1
545038066	1
545038067	1
545038068	1
545038069	1
545038070	1
545038071	1
545038072	1
545038073	1
545038074	1
545038075	1
545038076	1
545038077	1
545038078	1
545038079	1
545038080	1
545038081	1
545038082	1
545038083	1
545038084	1
545038085	1
545038086	1
545038087	1
545038088	1
545038089	1
545038090	1
545038091	1
545038092	1
545038093	1
545038094	1
545038095	1
545038096	1
545038097	1
545038098	1
545038099	1
545038100	1
545038101	1
545038102	1
545038103	1
545038104	1
545038105	1
545038106	1
545038107	1
545038108	1
545038109	1
545038110	1
545038111	1
545038112	1
545038113	1
545038114	1
545038115	1
545038116	1
545038117	1
545038118	1
545038119	1
545038120	1
545038121	1
545038122	1
545038123	1
545038124	1
545038125	1
545038126	1
545038127	1
545038128	1
545038129	1
545038130	1
545038131	1
545038132	1
545038133	1
545038134	1
545038135	1
545038136	1
545038137	1
545038138	1
545038139	1
545038140	1
545038141	1
545038142	1
545038143	1
545038144	1
545038145	1
545038146	1
545038147	1
545038148	1
545038149	1
545038150	1
545038151	1
545038152	1
545038153	1
545038154	1
545038155	1
545038156	1
545038157	1
545038158	1
545038159	1
545038160	1
545038161	1
545038162	1
545038163	1
545038164	1
545038165	1
545038166	1
545038167	1
545038168	1
545038169	1
545038170	1
545038171	1
545038172	1
545038173	1
545038174	1
545038175	1
545038176	1
545038177	1
545038178	1
545038179	1
545038180	1
545038181	1
545038182	1
545038183	1
545038184	1
545038185	1
545038186	1
545038187	1
545038188	1
545038189	1
545038190	1
545038191	1
545038192	1
545038193	1
545038194	1
545038195	1
545038196	1
545038197	1
545038198	1
545038199	1
545038200	1
545038201	1
545038202	1
545038203	1
545038204	1
545038205	1
545038206	1
545038207	1
545038208	1
545038209	1
545038210	1
545038211	1
545038212	1
545038213	1
545038214	1
545038215	1
545038216	1
545038217	1
545038218	1
545038219	1
545038220	1
545038221	1
545038222	1
545038223	1
545038224	1
545038225	1
545038226	1
545038227	1
545038228	1
545038229	1
545038230	1
545038231	1
545038232	1
545038233	1
545038234	1
545038235	1
545038236	1
545038237	1
545038238	1
545038239	1
545038240	1
545038241	1
545038242	1
545038243	1
545038244	1
545038245	1
545038246	1
545038247	1
545038248	1
545038249	1
545038250	1
545038251	1
545038252	1
545038253	1
545038254	1
545038255	1
545038256	1
545038257	1
545038258	1
545038259	1
545038260	1
545038261	1
545038262	1
545038263	1
545038264	1
545038265	1
545038266	1
545038267	1
545038268	1
545038269	1
545038270	1
545038271	1
545038272	1
545038273	1
545038274	1
545038275	1
545038276	1
545038277	1
545038278	1
545038279	1
545038280	1
545038281	1
545038282	1
545038283	1
545038284	1
545038285	1
545038286	1
545038287	1
545038288	1
545038289	1
545038290	1
545038291	1
545038292	1
545038293	1
545038294	1
545038295	1
545038296	1
545038297	1
545038298	1
545038299	1
545038300	1
545038301	1
545038302	1
545038303	1
545038304	1
545038305	1
545038306	1
545038307	1
545038308	1
545038309	1
545038310	1
545038311	1
545038312	1
545038313	1
545038314	1
545038315	1
545038316	1
545038317	1
545038318	1
545038319	1
545038320	1
545038321	1
545038322	1
545038323	1
545038324	1
545038325	1
545038326	1
545038327	1
545038328	1
545038329	1
545038330	1
545038331	1
545038332	1
545038333	1
545038334	1
545038335	1
545038336	1
545038337	1
545038338	1
545038339	1
545038340	1
545038341	1
545038342	1
545038343	1
545038344	1
545038345	1
545038346	1
545038347	1
545038348	1
545038349	1
545038350	1
545038351	1
545038352	1
545038353	1
545038354	1
545038355	1
545038356	1
545038357	1
545038358	1
545038359	1
545038360	1
545038361	1
545038362	1
545038363	1
545038364	1
545038365	1
545038366	1
545038367	1
545038368	1
545038369	1
545038370	1
545038371	1
545038372	1
545038373	1
545038374	1
545038375	1
545038376	1
545038377	1
545038378	1
545038379	1
545038380	1
545038381	1
545038382	1
545038383	1
545038384	1
545038385	1
545038386	1
545038387	1
545038388	1
545038389	1
545038390	1
545038391	1
545038392	1
545038393	1
545038394	1
545038395	1
545038396	1
545038397	1
545038398	1
545038399	1
545038400	1
545038401	1
545038402	1
545038403	1
545038404	1
545038405	1
545038406	1
545038407	1
545038408	1
545038409	1
545038410	1
545038411	1
545038412	1
545038413	1
545038414	1
545038415	1
545038416	1
545038417	1
545038418	1
545038419	1
545038420	1
545038421	1
545038422	1
545038423	1
545038424	1
545038425	1
545038426	1
545038427	1
545038428	1
545038429	1
545038430	1
545038431	1
545038432	1
545038433	1
545038434	1
545038435	1
545038436	1
545038437	1
545038438	1
545038439	1
545038440	1
545038441	1
545038442	1
545038443	1
545038444	1
545038445	1
545038446	1
545038447	1
545038448	1
545038449	1
545038450	1
545038451	1
545038452	1
545038453	1
545038454	1
545038455	1
545038456	1
545038457	1
545038458	1
545038459	1
545038460	1
545038461	1
545038462	1
545038463	1
545038464	1
545038465	1
545038466	1
545038467	1
545038468	1
545038469	1
545038470	1
545038471	1
545038472	1
545038473	1
545038474	1
545038475	1
545038476	1
545038477	1
545038478	1
545038479	1
545038480	1
545038481	1
545038482	1
545038483	1
545038484	1
545038485	1
545038486	1
545038487	1
545038488	1
545038489	1
545038490	1
545038491	1
545038492	1
545038493	1
545038494	1
545038495	1
545038496	1
545038497	1
545038498	1
545038499	1
545038500	1
545038501	1
545038502	1
545038503	1
545038504	1
545038505	1
545038506	1
545038507	1
545038508	1
545038509	1
545038510	1
545038511	1
545038512	1
545038513	1
545038514	1
545038515	1
545038516	1
545038517	1
545038518	1
545038519	1
545038520	1
545038521	1
545038522	1
545038523	1
545038524	1
545038525	1
545038526	1
545038527	1
545038528	1
545038529	1
545038530	1
545038531	1
545038532	1
545038533	1
545038534	1
545038535	1
545038536	1
545038537	1
545038538	1
545038539	1
545038540	1
545038541	1
545038542	1
545038543	1
545038544	1
545038545	1
545038546	1
545038547	1
545038548	1
545038549	1
545038550	1
545038551	1
545038552	1
545038553	1
545038554	1
545038555	1
545038556	1
545038557	1
545038558	1
545038559	1
545038560	1
545038561	1
545038562	1
545038563	1
545038564	1
545038565	1
545038566	1
545038567	1
545038568	1
545038569	1
545038570	1
545038571	1
545038572	1
545038573	1
545038574	1
545038575	1
545038576	1
545038577	1
545038578	1
545038579	1
545038580	1
545038581	1
545038582	1
545038583	1
545038584	1
545038585	1
545038586	1
545038587	1
545038588	1
545038589	1
545038590	1
545038591	1
545038592	1
545038593	1
545038594	1
545038595	1
545038596	1
545038597	1
545038598	1
545038599	1
545038600	1
545038601	1
545038602	1
545038603	1
545038604	1
545038605	1
545038606	1
545038607	1
545038608	1
545038609	1
545038610	1
545038611	1
545038612	1
545038613	1
545038614	1
545038615	1
545038616	1
545038617	1
545038618	1
545038619	1
545038620	1
545038621	1
545038622	1
545038623	1
545038624	1
545038625	1
545038626	1
545038627	1
545038628	1
545038629	1
545038630	1
545038631	1
545038632	1
545038633	1
545038634	1
545038635	1
545038636	1
545038637	1
545038638	1
545038639	1
545038640	1
545038641	1
545038642	1
545038643	1
545038644	1
545038645	1
545038646	1
545038647	1
545038648	1
545038649	1
545038650	1
545038651	1
545038652	1
545038653	1
545038654	1
545038655	1
545038656	1
545038657	1
545038658	1
545038659	1
545038660	1
545038661	1
545038662	1
545038663	1
545038664	1
545038665	1
545038666	1
545038667	1
545038668	1
545038669	1
545038670	1
545038671	1
545038672	1
545038673	1
545038674	1
545038675	1
545038676	1
545038677	1
545038678	1
545038679	1
545038680	1
545038681	1
545038682	1
545038683	1
545038684	1
545038685	1
545038686	1
545038687	1
545038688	1
545038689	1
545038690	1
545038691	1
545038692	1
545038693	1
545038694	1
545038695	1
545038696	1
545038697	1
545038698	1
545038699	1
545038700	1
545038701	1
545038702	1
545038703	1
545038704	1
545038705	1
545038706	1
545038707	1
545038708	1
545038709	1
545038710	1
545038711	1
545038712	1
545038713	1
545038714	1
545038715	1
545038716	1
545038717	1
545038718	1
545038719	1
545038720	1
545038721	1
545038722	1
545038723	1
545038724	1
545038725	1
545038726	1
545038727	1
545038728	1
545038729	1
545038730	1
545038731	1
545038732	1
545038733	1
545038734	1
545038735	1
545038736	1
545038737	1
545038738	1
545038739	1
545038740	1
545038741	1
545038742	1
545038743	1
545038744	1
545038745	1
545038746	1
545038747	1
545038748	1
545038749	1
545038750	1
545038751	1
545038752	1
545038753	1
545038754	1
545038755	1
545038756	1
545038757	1
545038758	1
545038759	1
545038760	1
545038761	1
545038762	1
545038763	1
545038764	1
545038765	1
545038766	1
545038767	1
545038768	1
545038769	1
545038770	1
545038771	1
545038772	1
545038773	1
545038774	1
545038775	1
545038776	1
545038777	1
545038778	1
545038779	1
545038780	1
545038781	1
545038782	1
545038783	1
545038784	1
545038785	1
545038786	1
545038787	1
545038788	1
545038789	1
545038790	1
545038791	1
545038792	1
545038793	1
545038794	1
545038795	1
545038796	1
545038797	1
545038798	1
545038799	1
545038800	1
545038801	1
545038802	1
545038803	1
545038804	1
545038805	1
545038806	1
545038807	1
545038808	1
545038809	1
545038810	1
545038811	1
545038812	1
545038813	1
545038814	1
545038815	1
545038816	1
545038817	1
545038818	1
545038819	1
545038820	1
545038821	1
545038822	1
545038823	1
545038824	1
545038825	1
545038826	1
545038827	1
545038828	1
545038829	1
545038830	1
545038831	1
545038832	1
545038833	1
545038834	1
545038835	1
545038836	1
545038837	1
545038838	1
545038839	1
545038840	1
545038841	1
545038842	1
545038843	1
545038844	1
545038845	1
545038846	1
545038847	1
546	3
547	2
55	2
55.28	4
55.5833	3
55.6667	2
55.7522	46
55.7667	8
55.8167	18
55.8333	6
55.8667	10
55.95	27
56	6
56.1667	4
56.7333	9
561	1
57	4
57.6667	3
570	2
574358	3
579926	1
58	3
585	2
59	2
59.0428	2
59.15	7
59.8944	5
595	1
598385	2
6	192
6.0	11
6.14811	4
6.25	2
6.33333	2
6.4	4
6.75	3
6.82926829268293	1
6.9102	6
6.93194	48
6.9351	9
6.9933	4
60	45
60.643	1
61.2181	2
61.385	8
61.8222	9
612355	5
615361	5
616	2
617565	8
62	2
62.3254	1
62.7736	7
6209896	9
63	2
64	10
645	1
65	17
65.2312	9
65.6436	3
655	2
66	9
67	7
67.05	10
67.8167	6
670771	3
68	4
680	1
683	1
69	4
69.1833	13
699	1
7	58
7.0	70
7.0317	8
7.2523	2
7.4	15
7.6051	3
7.7102	5
7.83333	37
7.93333	6
70	22
71	1
71.25	2
72	7
72.8375	2
73	4
73.1667	8
73.4667	2
73.8667	9
74	7
745	2
75	7
752	1
76	1
77	16
77.2	6
77.2167	5
775	1
78	30
79	1
79.15	5
79.5	4
79.8478	48
79.8485	6
79.8872	9
8	126
8.0	7
8.3	1
8.33333	1
8.87573964497041	2
8.96667	4
80	3
80.111	4
80.277	3
80.3436	2
80.5	1
8018713	2
81	30
81.0795	8
81.1667	2
81.4167	37
81.6924	5
82	6
82.2	4
83	5
835900	2
84	4
84.4167	2
85.1167	7
85.5167	6
852	2
86.6167	6
864	2
87	1
876	1
88	2
886	1
9	60
9.82658959537573	1
90	10
90.4086	3
911709	4
92	2
93	2
94	3
947193	2
950	2
956	2
96	7
960971	2
965349	8
97.1667	11
975	1
98	8
997	2
A US	1
ACTOR	1
ADELAIDE	4
AE	7
AE03	4
AEROSPACE	1
AF	40
AF13	13
AF19	9
AFG	32
AFGCOP	1
AFGGOV	1
AFGHAN	7
AFGHANISTAN	6
AFGINSTAL	5
AFGINSTALGOV	4
AFGMOS	1
AFGREB	4
AFR	29
AFRCOP	1
AFRICA	15
AGR	4
AIRLINE	4
AJ	6
AJ00	6
AK	8
AL GORE	1
AM	8
AM11	8
AMERICAN	5
AMSTERDAM	2
ANDHRA PRADESH	1
ANTWERP	1
AR	14
AR07	14
ARE	4
ARG	19
ARGELI	2
ARGENTINA	4
ARGENTINE	2
ARGJUD	1
ARM	10
ARMENIA	4
ARMY	1
AS	109
AS01	1
AS02	33
AS04	2
AS05	8
AS07	6
AS08	5
ASSOCIATED PRESS	1
ATLANTA	1
ATTORNEY	3
ATTORNEY GENERAL	1
AU	27
AU09	27
AUS	43
AUSCOP	2
AUSGOV	2
AUSJUD	4
AUSMED	1
AUSTRALIA	11
AUSTRIA	6
AUT	31
AUTGOV	9
AUTHORITIES	2
AZ	3
AZE	8
AZERBAIJAN	4
Abbeville, South Carolina, United States	2
Abbotsford, British Columbia, Canada	2
Adelaide, South Australia, Australia	8
Afghanistan	6
Afrin, ?alab, Syria	8
Alaska, United States	8
Aleppo, ?alab, Syria	3
Alexandria, Al Iskandariyah, Egypt	4
Allegheny County, Pennsylvania, United States	2
Allentown, Pennsylvania, United States	4
Amsterdam, Noord-Holland, Netherlands	4
Anaheim, California, United States	3
Anbar, Al Anbar, Iraq	2
Anbar, Sistan va Baluchestan, Iran	7
Anchorage, Alaska, United States	2
Andhra, Andhra Pradesh, India	4
Angoda, Uva, Sri Lanka	8
Arab League, Al Qahirah, Egypt	3
Arizona, United States	3
Artsakh, Azerbaijan (general), Azerbaijan	6
Ashanti Region, Ashanti, Ghana	3
Athens, AttikíR, Greece	5
Australia	18
Aviano, Friuli-Venezia Giulia, Italy	3
Awaran, Balochistan, Pakistan	9
Ayodhya, Uttar Pradesh, India	4
Azaz, ?alab, Syria	5
BA	6
BAHRAIN	2
BANGLADESH	2
BANK	9
BATTICALOA	1
BE	9
BE11	9
BEIJING	2
BEL	9
BELEDU	1
BFA	4
BG	9
BG81	3
BGD	3
BGDGOVBUS	1
BHR	4
BIRMINGHAM	1
BOEING	2
BOSS	2
BR	24
BR21	15
BRA	10
BRAZIL	5
BRITISH	16
BROOKINGS INSTITUT	1
BUD	15
BUDDHISM	7
BUDMAH	1
BUENOS AIRES	3
BURKINA FASO	2
BUS	130
BUSBUS	1
BUSINESS	21
Baghdad, Baghdad, Iraq	8
Bahrain	2
Bainbridge Island, Washington, United States	2
Balochistan, Balochistan, Pakistan	3
Bandos, North Central Province, Maldives	2
Bangladesh	2
Barcelona, Comunidad Autonoma de Cataluna, Spain	3
Batticaloa, Eastern, Sri Lanka	5
Beijing, Beijing, China	19
Beit Ijza, West Bank (general), West Bank	4
Ben Gurion, HaMerkaz, Israel	16
Bihar, Bihar, India	6
Boston, Massachusetts, United States	8
Brazil	3
Brentwood, California, United States	3
Brentwood, Essex, United Kingdom	5
Brisbane, Queensland, Australia	2
Brussels, Bruxelles-Capitale, Belgium	9
Buenos Aires, Distrito Federal, Argentina	14
Burhan, Qinghai, China	11
Burkina Faso	5
Bushehr, Bushehr, Iran	2
CA	137
CA01	9
CA02	11
CA03	12
CA04	6
CA07	2
CA08	10
CA11	2
CAIRO	9
CALIFORNIA	8
CAN	55
CANADA	20
CANADIAN	7
CANGOV	5
CAREGIVER	3
CATHOLIC	1
CE	197
CE30	7
CE32	3
CE33	2
CE34	2
CE35	8
CE36	67
CE37	42
CH	69
CH00	3
CH01	6
CH06	11
CH12	10
CH22	19
CH23	18
CH30	2
CHAMBER OF COMMERCE	2
CHARLOTTE	1
CHE	12
CHIEF EXECUTIVE	2
CHIEF MINISTER	2
CHILE	13
CHILEAN	3
CHINA	21
CHINESE	11
CHL	31
CHLELI	3
CHN	64
CHNBUS	1
CHNCVL	1
CHNGOV	2
CHNUAF	2
CHR	50
CHRCTH	4
CHRDOX	1
CHRISTIAN	2
CHRISTIANITY	12
CHRPRO	13
CHRPRO230HLH	2
CI	73
CI11	4
CINCINNATI	3
CITIZEN	1
CIVILIAN	1
CLEVELAND	3
CO	2
COLLEGE	10
COLOMBO	3
COMMUNITY	11
COMPANY	7
CONNECTICUT	1
COP	231
COPCOP	2
COPMED	2
COPMIL	1
CORPORATION	1
COUNSELOR	1
CRIMINAL	4
CRM	24
CRUISER	1
CT	3
CTH	4
CVL	164
CVLEDU	1
Cairo, Al Qahirah, Egypt	27
California, United States	34
Cambuslang, South Lanarkshire, United Kingdom	18
Canada	17
Canberra, Australian Capital Territory, Australia	1
Capitol Hill, District of Columbia, United States	4
Caracas, Distrito Federal, Venezuela	6
Casamance, Senegal (general), Senegal	2
Cedar Falls, Iowa, United States	8
Chabahar, Sistan va Baluchestan, Iran	1
Cheyenne, Wyoming, United States	6
Chibok, Borno, Nigeria	2
Chicago, Illinois, United States	5
Chile	23
Chu Kang, Guangdong, China	2
Cincinnati, Ohio, United States	15
Clackmannanshire, Clackmannanshire, United Kingdom	4
Coatbridge, North Lanarkshire, United Kingdom	10
Colbun, Maule, Chile	4
Colombo, Western, Sri Lanka	48
Colorado, United States	2
Columbia University, New York, United States	2
Connecticut, United States	3
Coos Bay, Oregon, United States	3
Copenhagen, Køavn*, Denmark	2
Coral Sea, Oceans (general), Oceans	1
Cosumnes, California, United States	3
Crimea, Krym, Avtonomna Respublika, Ukraine	1
DA	2
DA05	2
DAVID CAMERON	3
DELEGATE	4
DEMONSTRATOR	2
DENMARK	2
DEPUTIES	7
DEPUTY	1
DETECTIVE	5
DEU	64
DEUBUS	4
DEUGOV	6
DIOCESE	1
DJ	5
DJ00	5
DNK	4
DOCTOR	2
DOM	2
DOMINICAN REPUBLIC	2
DOMMED	2
DOX	1
DR	9
Dallas, Texas, United States	6
Delhi, Delhi, India	5
Dhaka, Dhaka, Bangladesh	3
Dickinson County, Kansas, United States	2
Dominican Republic	3
Dover, Kent, United Kingdom	7
Dubai, Dubayy, United Arab Emirates	4
Dublin, Dublin, Ireland	28
ECONOMIST	6
ECU	2
ECUADOR	1
EDINBURGH	2
EDU	199
EDUEDU	2
EDUJUD	2
EEC	7
EG	42
EG06	4
EG11	30
EG27	8
EGY	46
EGYMIL	4
EGYPT	11
EGYPTIAN	3
EI	28
EI07	28
ELI	28
ELIJUD	1
EMPLOYEE	2
ESP	14
ESPCOP	2
ET	30
ETH	11
ETHCOP	3
ETHIOPIA	6
ETHIOPIAN	1
EUR	23
EURMED	2
EUROPE	8
EUROPEAN	1
EXTREMIST	1
Eastern Province, Eastern, Sri Lanka	37
Edinburgh, Edinburgh, City of, United Kingdom	27
El Paso, Texas, United States	9
Elk Grove, California, United States	5
Emanuel Church, South Carolina, United States	8
Ethiopia	10
FARMER	2
FEDERAL JUDGE	2
FIGHTER	1
FILIPINO	1
FIRE CHIEF	1
FIRE DEPARTMENT	1
FIREFIGHTER	1
FIRST LADY	5
FL	8
FOREIGN MINIST	3
FOREIGN OFFICE	1
FR	117
FR00	36
FRA	62
FRANCE	10
FREEDOM FIGHTER	1
FRENCH	13
Fallujah, Al Anbar, Iraq	10
Florida, United States	8
Forest Park, Illinois, United States	2
Fort Collins, Colorado, United States	4
Fort Mcmurray, Alberta, Canada	9
France	27
Fresno, California, United States	2
GANG	3
GAZETTE	1
GB	9
GBR	186
GBRGOV	4
GBRGOVBUS	2
GENEVA	2
GERMAN	19
GERMANY	16
GH	20
GH00	2
GH02	3
GI	3
GM	122
GM02	4
GM04	4
GOV	198
GOVERNANCE	1
GOVERNMENT	14
GOVERNOR	3
GOVMED	1
GOVMIL	11
GR	35
GR35	5
GR52	21
GRC	23
GRCGOV	1
GREECE	7
GREEK	1
GV	6
Gabon	3
Gaza, Israel (general), Israel	2
Geneva, Genè, Switzerland	4
Germany	38
Gezhouba, Hubei, China	10
Ghana	5
Gibraltar	1
Girls High School, West Bank (general), West Bank	7
Glasgow, Glasgow City, United Kingdom	6
Granada, AndalucíSP, Spain	2
Great Wall, China (general), China	3
Greece	3
Greenwood County, South Carolina, United States	10
Guinea	2
Gulfport, Mississippi, United States	3
Gwadar, Balochistan, Pakistan	1
HAMBURG	2
HIGH COURT	2
HIKER	1
HILLARY CLINTON	1
HLH	24
HOSPITAL	6
HUMAN RIGHTS ACTIVIST	2
HUNTER	3
Hagerstown, Maryland, United States	2
Haiku Stairs, Hawaii, United States	3
Hambantota District, Southern, Sri Lanka	2
Hamburg, Hamburg, Germany	4
Heathrow, Hillingdon, United Kingdom	5
Hiroshima, Hiroshima, Japan	11
Hollywood, California, United States	15
IA	12
IGO	8
IGOEUREEC	7
IGOUNO	1
IL	2
ILLEGAL IMMIGRANT	2
IMMIGRANT	9
IMMIGRATION MINIST	2
IN	104
IN02	4
IN07	11
IN16	9
IN21	8
IN24	2
IN25	32
IN34	13
IN36	4
IND	6
INDUSTRY	4
INS	9
INSURGENT GROUP	2
INVESTOR	3
IOWA	2
IR	19
IR04	8
IR22	2
IR26	9
IRAN	7
IRANIAN	2
IRAQ	4
IRAQI	1
IRELAND	7
IRL	14
IRN	22
IRNJUD	4
IRQ	10
IS	36
IS00	11
IS02	16
ISLAMABAD	1
ISLAMIC	1
ISR	20
ISRAEL	7
ISRAELI	1
IT	41
IT03	2
IT06	3
IT15	12
ITA	6
ITALAB	1
ITALY	4
ITAMIL	1
IZ	23
IZ01	12
IZ07	8
IZ18	3
Illinois, United States	2
India	7
Iowa, United States	12
Islamabad, Islamabad, Pakistan	8
Israel	3
Italy	8
JA	76
JA01	8
JA11	11
JA15	5
JA40	4
JAIN	1
JAN	2
JAPAN	10
JAPANESE	4
JERUSALEM	2
JET FIGHTER	1
JEW	1
JEWCVL	1
JEWISH	1
JOR	8
JORDAN	4
JPN	30
JPNGOV	3
JUD	47
JUDGE	4
Japan	16
Jerusalem, Israel (general), Israel	9
KABUL	2
KE	12
KE07	12
KEN	6
KENCOP	2
KENYAN	4
KINGDOM	1
KN	3
KOR	12
KS	16
KS11	10
KU	3
KY	4
Kabul, Kabol, Afghanistan	13
Karachi, Sindh, Pakistan	10
Katwijk, Zuid-Holland, Netherlands	3
Kegalle, Sabaragamuwa, Sri Lanka	2
Kentucky, United States	4
Kentville, Nova Scotia, Canada	2
Key West, Florida, United States	2
Kinross, New South Wales, Australia	5
Kirkee, Maharashtra, India	4
Kisumu, Nyanza, Kenya	12
Kranji, Singapore (general), Singapore	5
Kuwait	1
LA	5
LAB	5
LANDHOLDER	1
LAWYER	2
LECTURER	1
LEG	36
LEGISLATURE	2
LIVERPOOL	1
LKA	56
LKABUS	1
LKAGOV	13
LO	33
LONDON	11
LOS ANGELES	1
LS	6
LYON	1
Lanarkshire, South Lanarkshire, United Kingdom	3
Lankan, Anhui, China	6
Liechtenstein	2
London, London, City of, United Kingdom	83
Los Angeles, California, United States	6
Louisiana, United States	5
Lumberton, Florida, United States	4
MA	8
MAGAZINE	5
MAGISTRATE	1
MAHAYANA BUDDHISM	1
MAINE	1
MAITHRIPALA SIRISENA	8
MALDIVE	1
MALE	7
MASSACHUSETTS	1
MDV	16
ME	13
MED	44
MEDIA	6
METHODIST	2
MEX	10
MEXICO	5
MI	2
MIGRANT	5
MIL	40
MILGOV	3
MILITANT	9
MILITARY	1
MILITARY PERSONNEL	3
MILMIL	2
MINIST	7
MINIST OF DEFENCE	11
MINIST OF INTERNAL AFFAIRS	1
MINNESOTA	3
ML	3
MN	14
MNC	3
MNCJPN	1
MNCUSA	2
MOS	3
MOSCOW	6
MOUNT ATHOS	4
MS	5
MURRAY	3
MV	2
MV53	2
MX	69
Madrid, Madrid, Spain	18
Mahama, Ghana (general), Ghana	2
Maine Veterans Memorial Cemetery, Maine, United States	1
Maine, United States	13
Mali	1
Manchester, Manchester, United Kingdom	5
Manila, Manila, Philippines	4
Manningtree, Essex, United Kingdom	5
Mardas, Vologodskaya Oblast', Russia	2
Massachusetts, United States	8
Mediterranean Sea, Oceans (general), Oceans	1
Mehram, Balochistan, Pakistan	6
Melbourne, Victoria, Australia	6
Mexico	23
Miami, Florida, United States	1
Michigan, United States	2
Minnesota, United States	14
Mississippi, United States	5
Morningside, North Lanarkshire, United Kingdom	8
Moscow, Moskva, Russia	46
Mount Athos, Aftonomi Monastiki Politeia Agiou Orous, Greece	21
Muhammad Omar, Nimruz, Afghanistan	9
Murnau, Bayern, Germany	4
Muskogee, Oklahoma, United States	2
NAVY	4
NC	2
NEIGHBORHOOD	2
NETHERLANDS	1
NEVA	1
NEW ORLEANS	1
NEW YORK	7
NGA	6
NGO	6
NH	6
NI	35
NI27	2
NIGERIA	3
NL	22
NL07	4
NL11	3
NLD	6
NV	2
NY	72
NZ	12
Nablus, West Bank (general), West Bank	4
Nagoya, Aichi, Japan	8
Nashville, Tennessee, United States	3
National Savings Bank, Western, Sri Lanka	6
Netherlands	5
Nevada, United States	2
New Delhi, Delhi, India	6
New Hampshire, United States	6
New York, United States	72
New Zealand	4
Nigeria	11
Ninety Six, South Carolina, United States	5
Niteroi, Estado do Rio, Brazil	15
North Andover, Massachusetts, United States	5
North Carolina, United States	2
North Central Province, North Central, Sri Lanka	1
North Korea	1
North Port, Florida, United States	20
OBAMA	4
OH	4
OHIO	2
OK	13
OKLAHOMA	1
OPP	21
OPPOSITION FORCES	1
OPPUAF	1
OR	1
ORLANDO	2
ORTHODOX CHRISTIAN	1
OS	2
OS00	2
Oak Lawn, Illinois, United States	4
Odisha, Orissa, India	2
Ohio, United States	4
Oklahoma, United States	13
Oregon, United States	1
Oxfordshire, Oxfordshire, United Kingdom	3
PA	9
PAK	8
PAKISTAN	3
PALESTINIAN	1
PAN	2
PANAMA CITY	1
PARIS	7
PARLIAMENT	4
PARTY LEADER	3
PE	12
PENNSYLVANIA	1
PERTH	1
PHILIP HAMMOND	2
PHILIPPINE	1
PHL	6
PILIPINAS	1
PIRATE	2
PK	81
PK02	19
PK04	2
PK05	10
PK08	8
PL	6
PM	4
PM08	4
POL	2
POLE	1
POLICE	70
POLICE CHIEF	5
POLICE OFFICER	3
POLICEMAN	1
POLITICAL PARTY	1
POLITICIAN	2
POLONNARUWA	1
POPULATION	6
PREMIER	7
PRESIDENT	3
PRIME MINISTER	6
PRISON	7
PRO	15
PRODUCER	2
PROFESSOR	6
PROTESTANT	13
PROTESTER	6
PSE	11
PSEEDU	1
PTY	6
PUERTO RICO	1
Pakistan	14
Palm Beach International Airport, Florida, United States	1
Panama City, PanamáM, Panama	4
Paradip, Orissa, India	6
Paris, France (general), France	36
Patna, Bihar, India	7
Pelpita, Western, Sri Lanka	4
Pennsylvania, United States	9
Perth, Western Australia, Australia	5
Peru	4
Petersburg, Sankt-Peterburg, Russia	5
Philadelphia, Pennsylvania, United States	2
Philippines	3
Phoenix, Arizona, United States	7
Piedmont Technical College, South Carolina, United States	3
Poland	2
Polonnaruwa, North Central, Sri Lanka	6
Port Jervis, New York, United States	2
Pozzallo, Sicilia, Italy	12
Puerto Rico	2
Puget Sound, Washington, United States	2
Pune, Maharashtra, India	5
QUEENSLAND	5
RAD	2
REB	10
REF	2
REFUGEE	1
REL	3
RELIGION	1
RESIDENTS	10
RETIRED	4
REUTERS	1
REYNALDO BIGNONE	2
RHODE ISLAND	2
RI	7
RO	9
ROMANIA	4
ROTARY INTERNATIONAL	3
ROU	4
RP	13
RPD9	4
RQ	6
RS	107
RS48	46
RS66	5
RS85	2
RUS	36
RUSSIA	7
RUSSIAN	4
Rafah, Shamal Sina', Egypt	8
Randeniya, North Western, Sri Lanka	3
Randwick, New South Wales, Australia	8
Red Sea, Djibouti (general), Djibouti	5
Reggio Calabria, Calabria, Italy	2
Rhode Island, United States	7
Richland County, South Carolina, United States	4
Rockland, Maine, United States	3
Romania	3
Rose City Park, Oregon, United States	2
Russia	18
SA	12
SAINT	2
SAN DIEGO	3
SAN FRANCISCO	2
SANTIAGO	1
SAU	8
SAUDI ARABIA	4
SCHOLAR	4
SCHOOL	44
SCIENTIST	3
SCOT	1
SCOTLAND	8
SCOTTISH	4
SEATTLE	3
SECURITY FORCE	10
SECURITY PERSONNEL	2
SENATE	7
SENATOR	1
SERVER	2
SF	18
SG	2
SG00	2
SGP	1
SGPEDU	1
SINAI	2
SINGAPORE	1
SLOVAK	3
SLOVAK REPUBLIC	3
SLOVAKIA	4
SMALL TOWN	2
SN	7
SN00	7
SOUTH AFRICAN	2
SOUTH CAROLINA	1
SOUTH KOREAN	6
SOUTH SUDAN	1
SP	48
SP29	18
SP51	2
SP56	4
SPAIN	3
SPANISH	5
SRI LANKA	20
SRI LANKAN	2
SSD	2
STATE OWNED	1
STATE PRISON	1
STUDENT	12
SU	6
SUPREME COURT	2
SVK	20
SWITZERLAND	4
SY	31
SY09	16
SYDNEY	2
SYR	12
SYRIA	4
SYRIAN	2
SZ	22
SZ07	4
Sackville, New Brunswick, Canada	4
Sacred Heart Of Jesus Church, Massachusetts, United States	3
San Antonio, Texas, United States	2
San Diego, California, United States	23
San Francisco, California, United States	10
Saudi Arabia	4
Scituate, Massachusetts, United States	5
Scotts Bluff County, Nebraska, United States	2
Seattle, Washington, United States	1
Seoul, Soul-t'ukpyolsi, South Korea	10
Shanghai, Shanghai, China	18
Shiv, Rajasthan, India	2
Shoin, Ishikawa, Japan	5
Sitges, Comunidad Autonoma de Cataluna, Spain	1
Skidmore College, New York, United States	8
Slovak Republic	11
Snetterton, Norfolk, United Kingdom	4
South Africa	6
South Korea	2
Spain	8
Sri Lanka	22
Sudan	2
Swift Current, Saskatchewan, Canada	2
Switzerland	6
Sydney, New South Wales, Australia	16
Syria	5
TAL	9
TALIBAN	9
TAMIL NADU	2
TANKER	1
TANZANIA	3
TEHRAN	4
TELEVISION	1
TENANTS	1
TERRORIST	7
TEXAS	1
THE ASSOCIATED PRESS	5
THE EU	5
THE EUROPEAN UNION	2
THE POOR	2
THE POPE	3
THE US	4
THIEVES	1
TOKYO	2
TOYOTA	1
TU	30
TUR	8
TURKEY	4
TX	10
TYCOON	1
TZ	15
TZA	6
Tahlequah, Oklahoma, United States	2
Tamil Nadu, Tamil Nadu, India	27
Tanzania	5
Taxila, Punjab, Pakistan	2
Tehran, Tehran, Iran	9
Tengah, Singapore (general), Singapore	2
Texas, United States	10
Thanjavur, Tamil Nadu, India	5
Tijeras, New Mexico, United States	4
Tikrit, Sala? ad Din, Iraq	3
Tokyo, Tokyo, Japan	4
Toronto, Ontario, Canada	10
Trump Plaza, New York, United States	3
Turkey	10
UAF	37
UK	335
UKE4	10
UKF9	5
UKG5	7
UKH9	83
UKI2	5
UKI9	4
UKK2	3
UKR	4
UKRAINE	2
UKU1	4
UKU8	27
UKV2	6
UKV8	18
UKV9	7
UKW5	21
UKW8	3
UNITED ARAB EMIRATES	2
UNITED KINGDOM	50
UNITED NATIONS	1
UNITED STATES	90
UNIVERSITY	14
UNO	1
UP	1
UP11	1
US	767
USA	307
USABUS	1
USACOP	3
USACVL	1
USAEDU	3
USAELI	3
USAELIGOV	1
USAGOV	7
USAJUD	1
USAK	10
USAMED	8
USAPRI	1
USAZ	10
USCA	112
USCO	6
USCT	3
USDC	50
USFL	36
USHI	3
USIA	20
USIL	13
USKS	2
USKY	4
USLA	5
USMA	29
USMD	2
USME	17
USMI	2
USMN	14
USMS	8
USNC	2
USNE	2
USNH	6
USNM	4
USNV	2
USNY	87
USOH	21
USOK	17
USOR	15
USPA	17
USRI	7
USSC	32
USTN	3
USTX	27
USUT	15
USVA	4
USVT	14
USWA	6
USWY	8
UT	9
UV	15
UY	6
Umatilla County, Oregon, United States	9
Unified School District, California, United States	8
United Arab Emirates	1
United Kingdom	44
United States	44
University Of Utah, Utah, United States	3
University Place, Utah, United States	3
Uruguay	2
Utah, United States	9
VA	4
VANCOUVER	3
VAT	12
VATICAN	6
VE	6
VE25	6
VEN	2
VENEZUELA	2
VENGOV	2
VIENNA	14
VILLAGE	5
VM	12
VOTER	18
VQ	24
VT	26
Vancouver, British Columbia, Canada	9
Vatican City	4
Vermont, United States	14
Vienna, Wien, Austria	27
Vietnam, Republic Of	4
Virgin Islands	8
Virginia, United States	4
WA	1
WASHINGTON	1
WATERLOO	4
WE	15
WE00	15
WEBSITE	1
WELSH	1
WEST BANK	5
WY	2
Washington, District of Columbia, United States	42
Washington, United States	1
Wellampitiya, Western, Sri Lanka	9
Welsford, New Brunswick, Canada	2
Western Isles, Eilean Siar, United Kingdom	3
White House, District of Columbia, United States	4
Whitehall, Orkney Islands, United Kingdom	7
Winnipeg, Manitoba, Canada	12
Woolloomooloo, New South Wales, Australia	4
Wyoming, United States	2
XI JINPING	1
YEREVAN	1
YM	12
Yemen	4
Yerevan, Yerevan*, Armenia	8
Youngstown, Ohio, United States	2
ZAF	4
http://1061thecorner.com/news/064460-064460-report-of-robbery-near-trolley-stop/	1
http://1061thecorner.com/news/064460-looters-victimize-petersburg-battlefield/	2
http://1061thecorner.com/news/064460-soggy-memorial-day-for-many/	1
http://650keni.iheart.com/onair/scott-rhode-14142/bottomless-gullibility-14761137/	2
http://abc7news.com/news/plastic-surgeon-behind-size-matters-billboard-back-with-new-message/1360883/	1
http://anhs-capousd-ca.schoolloop.com/cms/public_news?d=x&group_id=1268488566946&news_group_id=1413463127953&return_url=1464479123534	3
http://anhs-capousd-ca.schoolloop.com/news/view?d=x&id=1456827857576&group_id=1268488566946&return_url=1464479123534	2
http://artdaily.com/?date=05/29/2016	7
http://artdaily.com/news/87619/Omi-International-Arts-Center-opens-annual-summer-exhibition	1
http://artdaily.com/news/87620/Exhibition-of-recent-paintings-by-Argentine-artist-Guillermo-Kuitca-opens-at-Hauser---Wirth-London	1
http://artdaily.com/news/87626/Dazzling-diamonds--fine-Filipino-artists--Tiffany-candlesticks-capture-June-fine-art-auction	1
http://artdaily.com/news/87628/Spain-arrests-seven-suspects-over-theft-of-Bacon-paintings-worth--27-8-million	2
http://artdaily.com/news/87631/Costin-Nathan-barnfind-emerges-from-a-45-year-slumber-to-be-sold-with-H-H-Classics	3
http://artdaily.com/news/87634/Stedelijk-Museum-and-Ammodo-begin-the-search-for-a-new-contemporary-art-venue-in-Amsterdam	2
http://artdaily.com/news/87636/British-Library-puts-literary-treasures-from-20th-century-writers-online-for-free	1
http://artdaily.com/news/87640/Christie-s-announces-the-Magnificent-Jewels-and-the-Cullinan-Dream-New-York-Live-Auction	2
http://bsccomment.com/2016/05/29/iranian-envoy-allays-fears-of-chabahar-port-deal.html	4
http://chicago.suntimes.com/location/longwood-manor/	1
http://chicago.suntimes.com/news/man-seriously-wounded-in-longwood-manor-shooting/	2
http://day-news.net/2016/05/29/missing-indian-climber-found-dead-on-mount-everest/	1
http://day-news.net/2016/05/29/new-images-show-us-forces-helping-to-fight-isis-in-northern/	4
http://deadline.com/print-article/1201764227/	2
http://en.africatime.com/toute_lafrique/db/british-far-right-burn-eu-flag-referendum-looms	4
http://en.africatime.com/toute_lafrique/db/clinton-campaign-faces-deficit-vital-commodity-enthusiasm	1
http://en.africatime.com/toute_lafrique/db/german-economy-minister-blasts-merkel-eu-us-trade-treaty	4
http://english.ahram.org.eg/News/217783.aspx	2
http://english.wafa.ps/page.aspx?id=wsf8zUa36603468627awsf8zU	3
http://english.wafa.ps/page.aspx?id=wsf8zUa36606323886awsf8zU	8
http://entertainment.tempo.com.ph/2016/05/29/entertainment/local/acrobatic-dance-act-wins-pilipinas-got-talent/	1
http://entertainment.tempo.com.ph/2016/05/29/entertainment/local/pia-hints-at-running-for-political-office/	1
http://farandulife.com/2016/05/vladimir-putin-visits-mount-athos-all-male-orthodox-enclave/	1
http://focus-fen.net/news/2016/05/29/407789/too-sick-to-work-migrant-now-wants-to-bring-12-more-children-and-2-more-wives-to-europe-express.html	2
http://formulepoker.info/2016/05/cain-leaves-early-as-giants-lose-5-2-to-rockies/	2
http://fox2now.com/2016/05/28/memorial-day-weekend-off-to-a-violent-start-in-st-louis/	2
http://fox56.com/news/entertainment/sam-mendes-its-time-for-a-new-james-bond-director	2
http://fredonialeader.com/2016/05/29/pakistan-summons-us-ambassador-over-drone-strike-against.html	1
http://fredonialeader.com/2016/05/29/private-firm-hired-to-hunt-for-egyptair-black-boxes.html	3
http://fredonialeader.com/2016/05/29/protesters-clash-with-police-at-trump-rally.html	1
http://fredonialeader.com/2016/05/29/trump-supporters-protestors-clash-at-rally-in-california.html	6
http://gwdtoday.com/main.asp?SectionID=2&TM=71110.78	12
http://gwdtoday.com/main.asp?SectionID=72&SubSectionID=289&TM=71110.78	2
http://inewstoday.net/2016/05/china-should-give-more-market-access-for-indian-products/	3
http://irishamerica.com/2009/04/slainte-irish-wedding-traditions/	3
http://jg-tc.com/news/national/oregon-schools-shut-off-water-fountains-after-lead-found/article_cdd7f79c-c9c0-55b9-b241-5a30558d4b03.html	1
http://keprtv.com/news/entertainment/sam-mendes-its-time-for-a-new-james-bond-director	1
http://keprtv.com/news/local/walla-walla-police-find-body-believed-to-be-homicide-victim	1
http://klfy.com/2016/05/28/man-shot-outside-walmart-store-in-crowley/	1
http://klfy.com/ap/wwii-vet-whose-remains-returned-to-new-orleans-laid-to-rest/	1
http://kootenays.myezrock.com/EntertainmentCP/Article.aspx?id=514525	5
http://krcu.org/post/going-there-future-water-0	3
http://krwg.org/people/brady-carlson	1
http://krwg.org/post/accidentals-come-home-michigan	1
http://krwg.org/post/after-hiroshima-bombing-survivors-sorted-through-horror	6
http://krwg.org/post/louisianas-blue-lives-matter-law-makes-it-hate-crime-target-police	1
http://krwg.org/post/three-sentenced-el-paso-bribery-scheme	4
http://kwhn.iheart.com/articles/national-news-104668/burglary-victim-makes-teen-suspect-call-14755774/	1
http://limaohio.com/opinion/columns/184367/column-election-year-significance-of-memorial-day	1
http://local21news.com/news/local/results-of-probe-into-inappropriate-emails-to-be-released	3
http://local21news.com/news/local/school-funding-creates-divide-in-attorney-generals-race	1
http://local21news.com/news/nation-world/husband-wife-found-dead-in-pittsburgh-home	1
http://local21news.com/news/nation-world/spain-police-nab-7-suspects-of-large-francis-bacon-art-heist	5
http://lucenainformacion.com/2016/05/29/amazon-spotlights-spelling-bee-phenoms-in-new-kindle/	2
http://mynewsla.com/crime/2016/05/28/la-county-firefighters-battle-brush-fire-in-agua-dulce/	1
http://mynewsla.com/orange-county/2016/05/28/bad-idea-of-the-holiday-woman-seriously-injured-in-crash-escaping-from-oc-dui-checkpoint/	1
http://mynewsla.com/orange-county/2016/05/28/chp-no-memorial-day-traffic-fatalities-in-the-oc-to-date/	1
http://national.suntimes.com/national-celebrity/7/72/3102862/johnny-depp-ex-wife-on-abuse-allegations-amber-heard-is-lying	1
http://newrochelle.dailyvoice.com/police-fire/two-men-sentenced-in-murder-of-westchester-philharmonic-violinist/663292/	1
http://news.avn.com/articles/Immoral-Productions-Newly-on-the-Hunt-for-Sorority-Slampieces-668208.html	1
http://news.xinhuanet.com/english/2016-05/29/c_135395486.htm	1
http://news.xinhuanet.com/english/2016-05/29/c_135395504.htm	6
http://news.xinhuanet.com/english/2016-05/29/c_135395526.htm	7
http://news.xinhuanet.com/english/2016-05/29/c_135395544.htm	10
http://news.xinhuanet.com/english/2016-05/29/c_135395548.htm	6
http://news.xinhuanet.com/english/2016-05/29/c_135395567.htm	2
http://news.xinhuanet.com/english/2016-05/29/c_135395578.htm	1
http://newsblaze.com/entertainment/interviews/treat-williams-talks-dropping-out-of-dc-in-the-congressman_58378/	4
http://newschannel20.com/news/local/new-university-of-illinois-contract-gives-non-tenured-faculty-raises	1
http://periodismotransversal.com/2016/05/29/detroit-cops-show-off-dance-moves-in-running-man-challenge/	1
http://robbreport.com/boating-yachting/best-of-the-best-2016/yachts/195-feet-and/benetti-1111	1
http://robbreport.com/wine-spirits-cigars/braveheart-cocktail-new-modern-classic	2
http://robesonian.com/news/88144/shakurs-life-kindness-celebrated	5
http://sacredheartspectrum.com/2016/05/putin-warns-romania-poland-over-implementing-u-s-missile/	1
http://sacredheartspectrum.com/2016/05/taliban-denies-usa-claims-that-leader-was-killed/	2
http://sacredheartspectrum.com/2016/05/u-s-hopes-new-taliban-leader-will-chose-peace/	3
http://savannahnow.com/news/2016-05-28/memorial-hospital-enters-summer-stalemate	1
http://savannahnow.com/news/2016-05-28/savannah-pre-apprentice-program-seeks-business-partners	1
http://stjohnsource.com/content/news/local-news/2016/05/28/judge-halts-use-party-name-and-logo-one-two-gop-factions	4
http://team921fm.com/news/articles/2016/may/28/speed-advances-demand-safety-advances-at-indy-500/	2
http://thechronicleherald.ca/novascotia/1368034-first-ever-valley-inkfest-held-in-kentville	2
http://thedialog.org/meet-father-lance-stirling-martin/	4
http://thehill.com/blogs/blog-briefing-room/news/281618-trump-university-judge-to-unseal-documents	4
http://thenewsnigeria.com.ng/2016/05/we-feared-a-paris-style-massacre-british-home-office-on-why-a-nigerian-cant-return-to-uk/	20
http://timesofoman.com/article/84847/World/India/Hundreds-of-Indians-have-been-named-in-the-leaked-&apos	4
http://tribumagazine.net/2016/05/egypt-brings-in-specialized-deep-search-ship-for-egyptair/	3
http://tribune.com.pk/story/1112191/joint-chamber-pakistan-germany-trade-body-founded/	9
http://tribune.com.pk/story/1112241/serving-retired-judges-full-court-meeting-endorses-increase-perks-privileges/	1
http://tribune.com.pk/story/1112246/qalandars-urs-14-heatstroke-deaths-recorded/	3
http://upr.org/post/be-bernie-sanders-looks-spread-his-political-wealth	6
http://urbanmilwaukee.com/2016/05/28/artwork-brightens-blighted-property/	1
http://washpost.bloomberg.com/Story?docId=1376-O7UWWJ6JIJV401-6AV8HGFQ4Q1R99HDS95PI6VAO8	2
http://wate.com/2016/05/28/money-stolen-from-cancer-fundraiser-meant-to-help-young-boy/	1
http://wchoam.iheart.com/articles/local-news-stories-wch-226193/portman-is-hero-of-main-street-14761148/	1
http://weathermatters.blog.palmbeachdailynews.com/2016/05/28/tropical-storm-bonnie-forms-over-warm-gulf-stream-off-carolinas/	1
http://wers.org/2016/05/28/nemes-grabs-the-attention-of-some-new-fans-at-boston-calling/	1
http://wers.org/2016/05/28/the-vaccines-amp-the-crowd-out-of-the-heat/	2
http://wfin.com/sanders-campaign-calls-for-committee-leadership-changes-at-convention/	1
http://whlt.com/ap/mets-3b-david-wright-sits-out-vs-dodgers-with-neck-problem/	1
http://ww.abc6.com/story/32089060/man-sentenced-to-prison-for-traveling-to-have-sex-with-minor	7
http://www.4-traders.com/GOLDMAN-SACHS-GROUP-INC-12831/news/Goldman-Sachs-There-rsquo-s-nothing-a-Brexiter-loves-more-than-a-good-conspiracy-22434668/	5
http://www.640toronto.com/syn/104/92949/second-degree-murder-charge-laid-downtown-stabbing	2
http://www.9and10news.com/story/32087629/pilots-pay-tribute-to-comrade-whose-plane-crashed-in-hudson	1
http://www.9news.com.au/national/2016/05/29/08/35/qld-prison-squeeze-prompts-early-releases	1
http://www.9news.com.au/national/2016/05/29/08/40/taxi-driver-assaulted-by-four-men	1
http://www.9news.com/news/nation-now/mets-3b-david-wright-sits-out-vs-dodgers-with-neck-problem/219599806	2
http://www.aceshowbiz.com/news/view/00097651.html	2
http://www.aikenstandard.com/20160528/160529445/social-security-honoring-our-service-members-on-memorial-day	1
http://www.aikenstandard.com/20160528/160529459/clinton-misstates-key-facts-in-email-episode	4
http://www.asianage.com/india/bjp-keeping-watch-congress-meghalaya-754	2
http://www.asianage.com/india/first-ec-cancels-polls-over-bribed-voters-751	2
http://www.asianage.com/india/isis-influence-indians-abroad-rising-745	2
http://www.asianage.com/india/newspaper-employee-attacked-4-patna-740	3
http://www.asianage.com/india/pm-modi-change-has-come-757	2
http://www.asianage.com/india/top-hizb-militant-arrested-kashmir-744	4
http://www.asianage.com/india/transgender-bill-delayed-govt-wants-relook-742	1
http://www.ask.com/web?am=broad&q=about+maldives&an=msn_s&askid=58efc693-c4bb-4aad-80a3-1b2a9b6f0ecc-0-us_msb&kv=default&gc=0&dqi=&qsrc=999&ad=semD&o=12270&l=&af=	1
http://www.bnd.com/news/nation-world/national/article80383592.html	2
http://www.brentwoodweeklynews.co.uk/news/national/14523197.Second_far_right_demonstration_to_take_place_in_Dover/	1
http://www.brentwoodweeklynews.co.uk/news/national/14523198.Scholar_urges_West_not_to_declare_war_on_terrorists/	2
http://www.buffalonews.com/city-region/in-church-rarity-divorced-dad-earns-new-title-father-20160528	1
http://www.cairnspost.com.au/lifestyle/doctors-warn-of-budget-blowout-due-to-dodgy-software-program-at-cairns-hospital/news-story/c5903314dc8fb1cd9d8d65dd08ae4ded?nk=95be3c392f5cc20fdf79585968867f28-1464479256	5
http://www.canada.com/news/national/conservative+whip+says+canadians+think+differently+trudeau/11949909/story.html	1
http://www.canada.com/news/world/this+might+darkest+theory+about+trump+keeps+winning+appeals/11949895/story.html	9
http://www.centralmaine.com/2016/05/28/77-march-to-commencement-saturday-at-kents-hill-school/	5
http://www.channel4000.com/nation/economy/two-hours-and-1600-fake-credit-cards-later-13-million-is-gone/20088716	1
http://www.channel4000.com/world/china-students-make-terrifying-school-run/20085701	1
http://www.channelnewsasia.com/mobile/world/rescued-migrants-say-ship/2825880.html	4
http://www.channelnewsasia.com/news/singapore/kranji-s-young-farmers/2824602.html	4
http://www.channelnewsasia.com/news/world/gibraltar-leader-fears/2825820.html	5
http://www.cleveland19.com/story/32089371/mansfield-police-issue-murder-warrant-after-fatal-shooting-friday	5
http://www.cleveland19.com/story/32089578/alliance-police-on-lookout-for-beer-bandits	1
http://www.cortezjournal.com/article/20160527/AP/305279815/Ivory-Coast-arrests-suspect-linked-to-al-Qaida-beach-attack	3
http://www.dailydemocrat.com/article/NI/20160528/NEWS/160529880	1
http://www.dailymail.co.uk/news/article-3614604/British-taxpayers-spend-12million-shelters-Bangladesh-leak-badly-babies-living-pneumonia.html	1
http://www.dailymail.co.uk/tvshowbiz/article-3614498/GIRL-TOWN-striking-brunette-model-risque-past-truth-laid-bare-Leo-s-girl.html	1
http://www.dailymail.co.uk/tvshowbiz/article-3614541/Fancy-seeing-Benedict-Cumberbatch-blends-crowds-dressed-look-attends-Hay-Festival.html	1
http://www.dailynews.com/general-news/20160528/syria-rebels-attacked-by-isis-militants-government-troops	3
http://www.digitaljournal.com/topic/Bernie+sanders	10
http://www.digitalspy.com/soaps/eastenders/news/a795696/soap-spoilers-eastenders-max-coronation-street-row-emmerdale-discovery-hollyoaks-temptation/	3
http://www.digitalspy.com/soaps/emmerdale/news/a795828/british-soap-awards-2016-emmerdale-wins-best-british-soap/	3
http://www.digitalspy.com/tv/britains-got-talent/news/a795841/britains-got-talent-2016-happy-with-richard-jones-poll/	1
http://www.directorstalkinterviews.com/deckers-outdoor-corp-18-1-potential-upside-now-implied-telsey-advisory-group/412703219	1
http://www.floridastatesman.com/index.php/nav/mreview/789	3
http://www.floridastatesman.com/index.php/sid/244478039	6
http://www.foreignpolicyjournal.com/2016/05/28/will-russia-succumb-to-washingtons-economic-attack/	3
http://www.fox19.com/story/32088780/teen-removed-from-graduation-for-wearing-african-cloth	2
http://www.gazettetimes.com/news/national/government-and-politics/as-in-celebrity-apprentice-trump-fosters-rivalries/article_5c69cec1-bef5-51a1-8256-b09ba93b487b.html	2
http://www.gazettetimes.com/news/national/government-and-politics/democratic-candidates-for-iowa-us-senate-seat-debate/article_4a6551c0-d444-503d-80ca-fb5c1d1c537c.html	5
http://www.gazettetimes.com/news/national/government-and-politics/democrats-crowd-race-for-public-lands-commissioner/article_681721b8-8c53-5929-8bc1-5741487e92a6.html	3
http://www.gazettetimes.com/news/national/government-and-politics/the-latest-wyoming-democrats-hold-state-convention/article_b02000a8-bc64-5cc9-b022-08d5ba562561.html	3
http://www.gazettetimes.com/travel/putin-visits-russian-orthodox-monastic-community-in-greece/article_1d0692e7-9a09-5fce-8622-b9ae8eff28f5.html	8
http://www.gocomics.com/herman/2016/05/28	2
http://www.graphic.com.gh/features/features/64639-penplusbytes-connects-citizens-to-parliament.html	1
http://www.greenfieldreporter.com/view/story/8c62a695dcd84ef9b13df8f3c234dbf2/US--Mall-Parking-Lot-Shooting	2
http://www.greenwichtime.com/entertainment/article/Vuitton-show-draws-fashion-world-to-crisis-hit-7951353.php	5
http://www.harwichandmanningtreestandard.co.uk/news/national/14523172.Philip_Hammond_to_press_for_more_action_on_Syria_and_Yemen_on_Gulf_tour/	4
http://www.harwichandmanningtreestandard.co.uk/news/national/14523198.Scholar_urges_West_not_to_declare_war_on_terrorists/	2
http://www.heraldmailmedia.com/news/education/graduation/graduate-from-st-maria-goretti/article_8edb220c-251e-11e6-8d7b-aba9b03977e1.html	1
http://www.heraldscotland.com/news/14523225.Holyrood_job_for_man_accused_of_calling_SNP_colleague__quot_twisted_bitch_quot_/	5
http://www.heraldscotland.com/news/14523228.Tory_MSP__Same_sex_unions_like_Ruth_Davidson__39_s_a__quot_false_image_of_marriage_quot_/	17
http://www.heraldscotland.com/news/14523230.Fallujah_flares_again/	4
http://www.heraldscotland.com/news/14523231.Welcome_to_Secular_Scotland_____a_nation_where_religion_is_in_retreat/	7
http://www.heraldscotland.com/news/14523232.__39_UK_underestimating_risk_of_terrorist_attack_on_nuclear_sites__39_/	4
http://www.heraldscotland.com/news/14523235.Row_after_Scottish_Labour_accepts_donation_from_top_lobbyist/	2
http://www.heraldscotland.com/news/14523236.Scotland_losing_out_under_UK_Government_visa_rules_on_minimum_salary/	3
http://www.heraldscotland.com/news/14523238.Tory_behaviour_on_EU_like___39_gang_warfare_in_the_Eton_playground__39_/	6
http://www.heraldscotland.com/news/14523239.Depp_faces_destruction_of_Hollywood_career_amid_allegations_of_domestic_abuse/	2
http://www.heraldscotland.com/opinion/14523177.The_unravelling_of_Kenny_MacAskill_____and_the_case_against_Megrahi/	4
http://www.heraldscotland.com/opinion/14523214.How_to_protect_Scottish_woodlands/	4
http://www.heraldscotland.com/opinion/14523221.The_Sunday_Herald_Big_EU_Debate_This_week_Jobs__Trade_and_the_Economy/	6
http://www.heraldscotland.com/opinion/14523223.The_Tory_party_is_disastrously_split_over_Brexit______and_the_real_fight_begins_on_June_24/	1
http://www.heraldscotland.com/opinion/14523254.End_looms_for_child_protection_advice_service/	1
http://www.india.com/news/world/italian-irish-german-ships-save-over-650-migrants-at-sea-1221107/	1
http://www.india.com/news/world/syria-rebels-attacked-by-is-militants-government-troops-1221121/	5
http://www.inquisitr.com/3143000/bristol-palin-wins-in-court-ex-fiance-levi-johnston-owes-62k-in-back-child-support/	2
http://www.inquisitr.com/3143412/trump-university-judge-accused-by-donald-trump-of-being-a-hater-because-hes-mexican/	3
http://www.inquisitr.com/3143792/people-protect-cops-during-anti-trump-protests-group-of-americans-surround-police-officers-in-new-mexico-shielding-them-from-violent-protesters/	2
http://www.inquisitr.com/3143917/putin-warns-of-retaliation-romania-poland-are-now-in-russian-cross-hairs-as-u-s-missile-shield-planned-in-europe/	3
http://www.inquisitr.com/3143998/mayka-kukucova-jury-finds-swimsuit-model-guilty-of-killing-her-ex-boyfriend-andrew-bush/	11
http://www.irrigator.com.au/story/3934680/drones-to-capture-data-young-entrepreneurs-business-idea-takes-off/	4
http://www.jurist.org/paperchase/2016/05/former-argentina-dictator-and-military-leaders-sentenced-to-prison.php	1
http://www.kare11.com/news/expert-views-columbia-heights-body-cam-footage/219472205	1
http://www.kcfm.co.uk/news/uk-news/gove-and-johnson-savage-pm-over-immigration/	1
http://www.kelownacapnews.com/national/381212731.html	6
http://www.kelownacapnews.com/national/381213801.html	12
http://www.kelownacapnews.com/national/381213831.html	3
http://www.kelownacapnews.com/news/381212301.html	1
http://www.kiro7.com/news/trending-now/best-freebies-and-deals-for-memorial-day-weekend/305406182	1
http://www.ksje.com/on-air/bluegrass-breakdown/	1
http://www.live5news.com/story/32075427/affluenza-mom-indicted-in-tx	1
http://www.live5news.com/story/32088966/police-responding-to-reports-of-a-child-falling-into-gorilla-exhibit-at-the-zoo	3
http://www.live5news.com/story/32089290/police-1-wounded-in-rivers-ave-shooting	1
http://www.live5news.com/story/32089701/police-urge-extreme-caution-for-motorists-as-bonnie-impacts-area	2
http://www.liverpoolecho.co.uk/whats-on/music-nightlife-news/11-things-loved-first-day-11399477	1
http://www.liverpoolecho.co.uk/whats-on/whats-on-news/cadbury-monster-truck-coming-liverpool-11398896	1
http://www.milwaukeesun.com/index.php/nav/mreview/716	3
http://www.miragenews.com/100000-reward-to-help-solve-2003-murder-nsw/	1
http://www.miragenews.com/ben-gurion-the-worlds-most-secure-airport/	7
http://www.miragenews.com/man-arrested-for-unlawfully-on-premises-in-cbd-sa/	4
http://www.mirror.co.uk/3am/celebrity-news/dynasty-star-joan-collins-miss-8074704	1
http://www.modernghana.com/news/694885/the-ec-chairperson-is-confused-it-makes-me-worried.html	1
http://www.morningjournal.com/article/MJ/20160528/NEWS/160529497	5
http://www.morningjournal.com/article/MJ/20160528/NEWS/160529498	3
http://www.muskogeephoenix.com/news/suspicious-deaths-probe-stalled/article_f30f8ac1-4066-5820-9a53-a4fc6956c82a.html	2
http://www.mystateline.com/news/anglerfish-to-ape-the-top-10-new-species-of-2016	2
http://www.naroomanewsonline.com.au/story/3934314/peta-faces-her-worst-fear-every-day/?cs=4137	9
http://www.nationalenquirer.com/celebrity/author-claims-marilyn-monroes-shrink-murdered-her-to-cover-up-affairs/	1
http://www.nationalenquirer.com/celebrity/inside-peter-lawfords-cover-up-of-marilyn-monroes-tragic-death/	2
http://www.nationalenquirer.com/celebrity/marilyn-monroe-fbi-secret-communist-arthur-miller-scandal/	4
http://www.newjerseytelegraph.com/index.php/sid/244475929	1
http://www.newjerseytelegraph.com/index.php/sid/244478041	1
http://www.news-sentinel.com/news/us-and-world/Correction--Argentina-Operation-Condor-story	2
http://www.news.com.au/national/breaking-news/qld-prison-squeeze-prompts-early-releases/news-story/14b717dd1c50476ac605cd4147b09f40	1
http://www.news1130.com/2016/05/28/an-inconvenient-truth-celebrates-anniversary/	2
http://www.newschief.com/article/20160528/NEWS/160529430	1
http://www.newschief.com/article/20160528/NEWS/160529431	12
http://www.newsnow.in/news/donald-trump-nomination-city-keeps-200-jail-beds-for-protesters	1
http://www.newsnow.in/news/making-sense-of-an-indian-american-dream-project-ahead-of-pm-modi-s-us-visit	4
http://www.newsnow.in/news/pm-narendra-modi-s-nod-to-chandrababu-s-request-for-funds-will-depend-on-bjp-s-plans	2
http://www.njherald.com/article/20160528/AP/305289810	1
http://www.nvi.com.au/story/2086853/gallery-drought-aid-on-its-way/?cs=4143	1
http://www.onenewspage.com/n/Front+Page/759n5y883/Timeline-of-abuse-How-Amber-Heard-lived.htm	2
http://www.onenewspage.com/n/World/759n5to6t/Six-Al-Qaeda-militants-killed-in-Pakistan.htm	1
http://www.orlytaitzesq.com/more-info-on-elizabeth-warren-from-supporter-earl-c/	1
http://www.pakistantelegraph.com/index.php/nav/mreview/2994	3
http://www.pakistantelegraph.com/index.php/sid/244459813	1
http://www.pakistantelegraph.com/index.php/sid/244478017	1
http://www.pakistantelegraph.com/index.php/sid/244478027	1
http://www.pakistantelegraph.com/index.php/sid/244478037	3
http://www.pakistantoday.com.pk/2016/05/29/comment/pakistan-and-the-third-taliban-chief/	8
http://www.politico.com/blogs/under-the-radar/2016/05/donald-trump-university-judge-unseals-files-223687	2
http://www.politico.com/story/2016/05/donald-trump-new-york-times-tweetstorm-223688	2
http://www.punemirror.in/news/india/US-snubs-Pak-over-NSG-membership-for-India/articleshow/52483025.cms	1
http://www.punemirror.in/news/world/Pak-fails-to-seal-F-16-deal-with-US/articleshow/52483052.cms	2
http://www.punemirror.in/pune/civic/CBSE-scores-many-perfect-tens/articleshow/52484678.cms	2
http://www.punemirror.in/pune/civic/CoEP-students-pure-innovation-for-clean-water/articleshow/52484522.cms	2
http://www.punemirror.in/pune/civic/Peers-use-girls-photo-on-fake-Facebook-page/articleshow/52484476.cms	1
http://www.punemirror.in/pune/civic/Youth-record-deadly-stunt-on-rly-tracks/articleshow/52484197.cms	2
http://www.punemirror.in/pune/others/COLLEGIATE-TRIBUTE/articleshow/52484173.cms	1
http://www.qatarairways.com/us/en/homepage.page?CID=SXUS0664402130077404040000&s_kwcid=AL!3739!10!3745365466!20501216139&ef_id=V0ot8AAABCcF8LtY:20160528234656:s	1
http://www.queenslandcountrylife.com.au/story/3910912/longreach-shows-off/?cs=4733	1
http://www.sbs.com.au/news/article/2016/05/29/march-against-mike-hit-sydney-streets	1
http://www.seattletimes.com/nation-world/trumps-rise-tracks-growing-debate-over-global-fascism/	1
http://www.seattletimes.com/seattle-news/crime/seattle-vice-detective-looks-back-after-26-years-working-the-streets/	2
http://www.sfchronicle.com/news/article/Iran-arrest-8-people-for-making-obscene-music-7951305.php	3
http://www.sfgate.com/news/crime/article/Lawsuit-in-Nebraska-guard-s-strangulation-death-7951508.php	1
http://www.sltrib.com/news/3943192-155/ogden-killer-to-spend-at-least	1
http://www.sltrib.com/news/3943663-155/man-dead-after-west-valley-city	1
http://www.sltrib.com/news/3943794-155/kay-ricks-slain-uta-worker-remembered	2
http://www.sltrib.com/opinion/3936602-155/op-ed-women-should-be-in-selective	1
http://www.smh.com.au/nsw/the-heroin-recovery-house-keeping-mums-and-bubs-together-20160505-gomrj4.html	2
http://www.snntv.com/2016/05/28/bpd-seek-bank-robbery-suspect/	1
http://www.staradvertiser.com/breaking-news/stranded-hikers-rescued-from-top-of-haiku-stairs/	1
http://www.staradvertiser.com/breaking-news/tips-publicity-lead-to-arrest-of-child-pornography-suspect/	2
http://www.startribune.com/dutch-firm-trains-eagles-to-take-down-high-tech-prey-drones/381218531/	1
http://www.startribune.com/minnesota-legislature-should-take-another-shot-at-a-one-state-agenda/381171751/	1
http://www.startribune.com/rise-of-trump-tracks-growing-debate-over-global-fascism/381217141/	1
http://www.startribune.com/success-or-failure-of-this-year-s-legislature-now-rests-with-dayton/381218151/	1
http://www.startribune.com/the-guessing-game-attention-shifts-to-vp-running-mate-choices/381219111/	8
http://www.stltoday.com/news/local/crime-and-courts/glen-carbon-man-charged-with-robbing-st-peters-bank/article_ef4c0d56-be51-5d32-a91c-f163247ce5b7.html	1
http://www.stltoday.com/online/media/ap-norc-poll-interest-not-excitement-in-white-house-race/article_d914ed3c-3cbf-51ba-b1ca-04dc2106cbce.html	3
http://www.stuff.co.nz/national/politics/80506121/Budget-2016-A-bare-minimum-budget-for-children	2
http://www.sundaytimes.lk/160529/business-times/innovative-sri-lanka-195033.html	1
http://www.sundaytimes.lk/160529/business-times/kmpg-to-assist-nsb-in-srilankan-airlines-restructure-195052.html	3
http://www.sundaytimes.lk/160529/business-times/sri-lankas-agency-for-development-gets-off-the-ground-soon-195061.html	4
http://www.sundaytimes.lk/160529/columns/an-angry-call-for-a-selective-deluge-195140.html	2
http://www.sundaytimes.lk/160529/columns/money-down-the-babbling-brook-by-the-banks-of-the-diyawanna-195040.html	5
http://www.sundaytimes.lk/160529/columns/president-pm-to-review-defence-secretarys-directive-195331.html	51
http://www.sundaytimes.lk/160529/news/	6
http://www.sundaytimes.lk/160529/news/china-gets-huge-projects-in-polonnaruwa-district-195355.html	11
http://www.sundaytimes.lk/160529/news/court-of-appeal-summons-cmc-commissioner-cmo-for-alleged-contempt-of-court-195328.html	1
http://www.sundaytimes.lk/160529/news/fighting-the-toxic-sludge-195153.html	2
http://www.sundaytimes.lk/160529/news/hit-by-floods-now-by-official-apathy-195292.html	4
http://www.sundaytimes.lk/160529/news/japanese-largesse-for-sri-lanka-195315.html	5
http://www.sundaytimes.lk/160529/news/pmo-blames-museum-director-for-damage-to-apura-buddha-statue-at-temple-trees-195353.html	1
http://www.sundaytimes.lk/160529/news/vehicle-importers-claim-tax-calculations-irrational-195308.html	1
http://www.sundaytimes.lk/160529/sunday-times-2/queen-srimala-in-bans-vesak-message-she-embodied-women-empowerment-195018.html	13
http://www.supertalk1570.com/news/deputies-remove-teen-from-graduation-for-wearing-african-cloth/	2
http://www.swiftcurrentonline.com/event/carstar-walk-to-make-cystic-fibrosis-history	1
http://www.tahlequahdailypress.com/community/casa-playhouse-raises-funds-for-abused-kids/article_27110738-246d-11e6-afda-0b3990266b8c.html	1
http://www.tahlequahdailypress.com/news/homegrown-by-heroes-helps-vets-feed-america/article_bd16ecb8-2466-11e6-b50b-af280b200b0e.html	2
http://www.talkradio101.com/Three-Year-Old-Picked-Up-by-Gorilla-Inside-Enclosu/22759269	2
http://www.tasnimnews.com/en/news/2016/05/28/1086536/rosatom-tehran-moscow-to-redesign-fordow-facility-for-isotope-production	1
http://www.tempo.com.ph/2016/05/29/news/main/vendor-of-drugs-in-concert-nabbed/	5
http://www.tempo.com.ph/2016/05/29/opinion/editorial/ledac-can-help-in-carrying-out-so-many-needed-changes/	1
http://www.terradaily.com/pageone/terradaily-2016-05-27.html	4
http://www.theblaze.com/stories/2016/05/28/crews-resume-search-for-missing-teen-last-seen-being-abducted-by-armed-acquaintance-in-california/	1
http://www.theepochtimes.com/n3/2078217-family-of-woman-allegedly-murdered-by-illegal-immigrant-sues-federal-agencies/	2
http://www.thefiscaltimes.com/latestnews/2016/05/28/Canadas-Trudeau-defends-assisted-suicide-bill-deadline-nears	5
http://www.thefiscaltimes.com/latestnews/2016/05/28/Cleveland-officials-outline-security-Republican-Convention	3
http://www.thenewstribune.com/news/local/news-columns-blogs/matt-driscoll/article80573067.html	1
http://www.thenewstribune.com/opinion/article80474372.html	1
http://www.thestar.com.my/news/regional/2016/05/29/dads-also-juggling-jobs-and-housework/	2
http://www.thestar.com.my/news/regional/2016/05/29/marcos-threatens-action-after-election-loss/	2
http://www.thestar.com.my/news/regional/2016/05/29/spotlight-on-s-korea-as-the-un-secretarygeneral-ban-kimoon-has-taken-the-countrys-diplomatic-style-t/	1
http://www.thestar.com.my/news/world/2016/05/29/venezuela-government-opposition-hold-talks-in-dominican-republic--local-media/	4
http://www.timesrecordnews.com/entertainment/reviews/Review-Oklahoma-381210241.html	2
http://www.tsn.ca/mets-acquire-1b-loney-from-padres-1.497368	1
http://www.tsn.ca/spieth-grabs-third-round-lead-at-colonial-1.497243	5
http://www.twincities.com/2016/05/26/minnesota-legislature-unusual-things-buried-bills/	2
http://www.twincities.com/2016/05/28/nekima-levy-pounds-leaving-st-thomas-law-school/	3
http://www.union-bulletin.com/news/courts_and_crime/police-body-found-in-umatilla-county-believed-to-be-that/article_575f64f0-250a-11e6-a493-bf4887debd58.html	4
http://www.union-bulletin.com/news/northwest/hikers-rescued-after-spending-night-near-mt-defiance/article_8e69df78-332a-5d62-8f81-9abc445a53df.html	2
http://www.union-bulletin.com/news/northwest/report-examine-worst-case-spills-from-proposed-oil-terminal/article_be92d6d3-4554-510c-9644-13b108fe5f69.html	1
http://www.union-bulletin.com/news/northwest/sororities-fraternities-say-sorry-for-trashing-campsite/article_ac383eaa-8e1e-58eb-8a87-7add730e8384.html	1
http://www.vanguardngr.com/2016/05/president-buharis-one-year-government/	1
http://www.washingtontimes.com/news/2016/may/28/ex-fire-chief-gets-jail-time-for-stealing-from-dep/	1
http://www.wcsh6.com/life/people-plant-flags-at-maine-veterans-memorial-cemetery/219544161	6
http://www.wdam.com/story/32089506/capital-murder-suspect-arrives-in-gulfport	3
http://www.wearvalleyadvertiser.co.uk/news/national/14523198.Scholar_urges_West_not_to_declare_war_on_terrorists/	4
http://www.westsussextoday.co.uk/news/county-news/animal-hospital-hit-by-flood-1-7406145	3
http://www.wfnc640am.com/news/wwii-plane-crashes-during-promotional-flight/	1
http://www.whsv.com/content/news/Local-business-donates-profits-to-veteran-organization-381215971.html	1
http://www.wisn.com/health/anglerfish-to-ape-the-top-10-new-species-of-2016/39683710	1
http://www.wmur.com/news/state-police-cruiser-struck-in-accident-on-everett-turnpike/39773552	1
http://www.wtae.com/politics/dole-bill-clintons-health-will-keep-him-from-helping-hillary/39773996	1
http://www.wthr.com/story/32084511/correction-argentina-operation-condor-story	9
http://www.wtvm.com/story/32077036/pregnant-woman-killed-in-accident-was-planning-baby-shower-with-new-husband	1
http://www.wtvm.com/story/32088607/19-year-old-victim-of-huntsville-shooting-identified	1
http://www.wtvq.com/2016/05/28/correction-argentina-operation-condor-story/	1
http://www.y100fm.com/feed/entertainment/music/ben-haggard-challenges-willie-nelsons-son-via/fCM85Q/	1
http://www.yankton.net/news/strange_ap/article_fd6a9256-3eed-5110-b451-0c71a55ff093.html	3
http://www.yourwestvalley.com/elmirage/article_5594e9a6-24f1-11e6-8d17-1b2d6c2606f8.html	7
http://www.yourwestvalley.com/nation_world/article_0cc14bea-24e5-11e6-aa6c-f702eff9a749.html	9
http://wytv.com/2016/05/28/local-groups-put-flags-on-military-graves-in-poland/	1
http://wytv.com/2016/05/28/youngstown-va-hosts-free-event-for-female-veterans/	2
http://youngherald.com/2016/05/putin-warns-of-retaliation-against-us-missile-shield-in/	3
https://armenpress.am/eng/news/848874/us-congressmen-urge-to-revise-%E2%80%9Cleahy-law%E2%80%9D-as-a-result-azerbaijan-can-be-deprived-of-any-kind-of.html	4
https://in.news.yahoo.com/five-killed-two-terror-attacks-pakistan-232003863.html	4
https://www.alaskaair.com/content/about-us/welcome-to-alaska?semid?semid=9a8d8805-5cc1-4bf2-ab46-587c1108a267::123828::%7C%7CEvergreen%7C%7C	3
https://www.bostonglobe.com/metro/2016/05/28/cape-cod-hospital-copes-with-influx-drug-dependent-newborns/HqhDUI6vrEf5eNNGro07HL/story.html	1
https://www.equities.com/news/congress-grade-so-far-incomplete-at-best	1
https://www.equities.com/news/never-mind-trump-gop-uniting-under-banner-never-hillary	2
https://www.equities.com/news/vuitton-show-draws-fashion-world-to-crisis-hit-brazil	4
https://www.opendemocracy.net/arab-awakening/steven-c-roach/constitutionalizing-peace-in-south-sudan	1
https://www.tapinto.net/towns/sparta/articles/sussex-county-technical-school-hosts-a-culinary-t	2
https://www.tapinto.net/towns/westfield/articles/westfield-kids-raise-thousands-for-charity-with-w	1
https://www.yahoo.com/news/donald-trump-reacts-obamas-visit-232348784.html	2
https://www.yahoo.com/news/expect-stock-volatility-summer-amid-221745490.html	2
https://www.yahoo.com/news/extra-money-become-bug-bounty-230835846.html	1
https://www.yahoo.com/news/real-madrid-success-amazing-journey-230000076.html	1
https://www.yahoo.com/news/sale-one-nevada-town-231005086.html	1
https://www.yahoo.com/news/senate-anti-encryption-bill-seemingly-225327874.html	1
sco	6
scoGOV	2
